1.184634425280936265e-01
7.716049382716043403e-02
7.716049382716043403e-02
7.716049382716043403e-02
7.716049382716043403e-02
-6.172839506172839164e-01
7.716049382716042015e-02
7.716049382716042015e-02
7.716049382716042015e-02
7.716049382716042015e-02
2.393143352496835130e-01
1.184634425280936265e-01
7.716049382716043403e-02
7.716049382716043403e-02
7.716049382716043403e-02
-6.172839506172839164e-01
7.716049382716042015e-02
7.716049382716042015e-02
7.716049382716042015e-02
2.393143352496835130e-01
1.184634425280936265e-01
7.716049382716043403e-02
7.716049382716043403e-02
-6.172839506172839164e-01
7.716049382716042015e-02
7.716049382716042015e-02
2.393143352496835130e-01
1.184634425280936265e-01
7.716049382716043403e-02
-6.172839506172839164e-01
7.716049382716042015e-02
2.393143352496835130e-01
1.184634425280936265e-01
-6.172839506172839164e-01
2.393143352496835130e-01
5.086419753086470763e-01
2.393143352496832632e-01
-6.172839506172838053e-01
1.184634425280936265e-01
2.393143352496832632e-01
7.716049382716042015e-02
-6.172839506172838053e-01
7.716049382716040628e-02
1.184634425280936265e-01
2.393143352496832632e-01
7.716049382716042015e-02
7.716049382716042015e-02
-6.172839506172838053e-01
7.716049382716040628e-02
7.716049382716040628e-02
1.184634425280936265e-01
2.393143352496832632e-01
7.716049382716042015e-02
7.716049382716042015e-02
7.716049382716042015e-02
-6.172839506172838053e-01
7.716049382716040628e-02
7.716049382716040628e-02
7.716049382716040628e-02
1.184634425280936265e-01
2.393143352496832632e-01
7.716049382716042015e-02
7.716049382716042015e-02
7.716049382716042015e-02
7.716049382716042015e-02
-6.172839506172838053e-01
7.716049382716040628e-02
7.716049382716040628e-02
7.716049382716040628e-02
7.716049382716040628e-02
1.184634425280936265e-01
