1.818961420112032101e+02
1.810498501172664589e+02
1.680159701628297739e+02
1.767818224697458902e+02
1.786640923760027135e+02
1.824751079886707998e+02
1.862861236013389146e+02
1.881683935075957095e+02
1.969342458145118258e+02
1.839003658600751407e+02
1.835140683688683225e+02
1.842159624168061782e+02
1.699989376360879589e+02
1.787647899430040752e+02
1.806470598492608985e+02
1.844580754619289849e+02
1.882690910745970996e+02
1.901513609808538945e+02
1.989172132877700108e+02
1.848925498027388699e+02
1.689679762091449504e+02
1.657309099885673902e+02
1.676131798948242135e+02
1.714241955074922998e+02
1.752352111201604146e+02
1.771174810264172095e+02
1.758319062113605753e+02
1.792229114656841489e+02
1.763790322017403298e+02
1.801900478144084161e+02
1.840010634270765308e+02
1.819255839040565377e+02
1.814249284913151143e+02
1.820723177206652394e+02
1.832340643276133676e+02
1.858833333333333258e+02
1.885326023390532839e+02
1.896943489460014405e+02
1.903417381753515656e+02
1.898410827626100854e+02
1.877656032395901491e+02
1.915766188522582354e+02
1.953876344649263501e+02
1.925437552009825026e+02
1.959347604553060478e+02
1.946491856402494420e+02
1.965314555465062654e+02
2.003424711591743517e+02
2.041534867718424664e+02
2.060357566780992613e+02
2.027986904575217011e+02
1.868741168639277817e+02
1.728494533788966407e+02
1.816153056858127570e+02
1.834975755920695804e+02
1.873085912047376667e+02
1.911196068174057814e+02
1.930018767236625479e+02
2.017677290305786926e+02
1.875507042498604449e+02
1.882525982977983290e+02
1.878663008065915108e+02
1.748324208521548258e+02
1.835982731590709420e+02
1.854805430653277654e+02
1.892915586779958517e+02
1.931025742906639664e+02
1.949848441969207613e+02
2.037506965038368776e+02
1.907168165494001926e+02
1.898705246554634414e+02
