  -1.1494173e+02   3.2971696e+01
  -1.2415619e+02   4.1875235e+01
  -1.2306602e+02   3.9163820e+01
  -1.2269016e+02   4.0136723e+01
  -1.2192582e+02   4.1089453e+01
  -1.1893011e+02   3.6704124e+01
  -1.1870496e+02   3.7849214e+01
  -1.2330779e+02   4.1918769e+01
  -1.1821637e+02   3.7500164e+01
  -1.1820493e+02   3.4015091e+01
  -1.1981389e+02   3.6488611e+01
  -1.1862131e+02   3.6928391e+01
  -1.2069819e+02   4.0227834e+01
  -1.1702317e+02   3.2797074e+01
  -1.1974193e+02   3.7877920e+01
  -1.2214414e+02   4.0170429e+01
  -1.2083272e+02   4.0072619e+01
  -1.2051426e+02   4.1875775e+01
  -1.2334481e+02   4.1259953e+01
  -1.1651686e+02   3.5185668e+01
  -1.2200898e+02   3.7339056e+01
  -1.2017046e+02   3.7653335e+01
  -1.2007252e+02   3.7243260e+01
  -1.2366278e+02   4.1802215e+01
  -1.1633301e+02   3.5837806e+01
  -1.1906559e+02   3.4536072e+01
  -1.1823488e+02   3.6004374e+01
  -1.2018467e+02   3.9606312e+01
  -1.2133445e+02   4.1448256e+01
  -1.2143674e+02   3.7895961e+01
  -1.2275422e+02   3.9245078e+01
  -1.1961344e+02   3.6999694e+01
  -1.1522442e+02   3.3756162e+01
  -1.1980548e+02   3.8405074e+01
  -1.1848573e+02   3.4488918e+01
  -1.2049081e+02   4.0975407e+01
  -1.1972729e+02   3.8633218e+01
  -1.1768270e+02   3.5914271e+01
  -1.1506614e+02   3.5215497e+01
  -1.2133954e+02   3.8274132e+01
  -1.2237579e+02   4.0235998e+01
  -1.2019343e+02   4.1731181e+01
  -1.1934567e+02   3.4663995e+01
  -1.2069813e+02   4.0445004e+01
  -1.1704030e+02   3.3636117e+01
  -1.1923232e+02   3.5501934e+01
  -1.1599654e+02   3.4515758e+01
  -1.2082750e+02   3.8835206e+01
  -1.2044040e+02   3.9963601e+01
  -1.2316642e+02   3.8597596e+01
  -1.2118717e+02   3.9117003e+01
  -1.1997889e+02   3.8109431e+01
  -1.1864751e+02   3.4556951e+01
  -1.2006018e+02   3.9813129e+01
  -1.2262456e+02   4.0456648e+01
  -1.2323485e+02   3.9937928e+01
  -1.2261291e+02   3.8379643e+01
  -1.1649833e+02   3.4186681e+01
  -1.1790052e+02   3.5965283e+01
  -1.1596975e+02   3.3454260e+01
  -1.1800448e+02   3.5185997e+01
  -1.2179441e+02   3.7120857e+01
  -1.2380680e+02   4.0513320e+01
  -1.2282486e+02   4.0836274e+01
  -1.2167855e+02   3.7415144e+01
  -1.1869029e+02   3.5272589e+01
  -1.2276730e+02   4.1300898e+01
  -1.1687258e+02   3.3309874e+01
  -1.2206755e+02   4.0274052e+01
  -1.2204201e+02   3.7563405e+01
  -1.1843260e+02   3.7104367e+01
  -1.1512596e+02   3.3965963e+01
  -1.1523348e+02   3.4947443e+01
  -1.1547776e+02   3.3569558e+01
  -1.1846006e+02   3.7713043e+01
  -1.2028505e+02   3.9955190e+01
  -1.1933063e+02   3.5790480e+01
  -1.1789334e+02   3.6976601e+01
  -1.1655798e+02   3.2681646e+01
  -1.1785551e+02   3.5553862e+01
  -1.2143829e+02   3.6114431e+01
  -1.1702646e+02   3.6526354e+01
  -1.1545069e+02   3.3637578e+01
  -1.1702413e+02   3.4907971e+01
  -1.1980923e+02   3.6311808e+01
  -1.2121563e+02   4.0107827e+01
  -1.2137692e+02   3.9006600e+01
  -1.2316690e+02   3.9112819e+01
  -1.1725167e+02   3.3159909e+01
  -1.2403503e+02   4.1753128e+01
  -1.2304897e+02   3.8448404e+01
  -1.2038746e+02   4.0363134e+01
  -1.2392404e+02   4.0846569e+01
  -1.2286069e+02   4.1753179e+01
  -1.2227643e+02   3.7289211e+01
  -1.2255852e+02   3.8677988e+01
  -1.1917443e+02   3.7724362e+01
  -1.2158470e+02   3.7722160e+01
  -1.2186682e+02   3.9044515e+01
  -1.2209339e+02   3.9975495e+01
  -1.1515944e+02   3.5091354e+01
  -1.2288996e+02   3.9349846e+01
  -1.1809415e+02   3.5521145e+01
  -1.2102726e+02   3.9985314e+01
  -1.1953208e+02   3.4809404e+01
  -1.2227743e+02   3.8396171e+01
  -1.1422638e+02   3.4344930e+01
  -1.2138918e+02   3.7781376e+01
  -1.1738251e+02   3.6058781e+01
  -1.2007261e+02   3.6665618e+01
  -1.1766365e+02   3.5329044e+01
  -1.1570208e+02   3.5803981e+01
  -1.2125851e+02   3.7990320e+01
  -1.2192004e+02   4.1910253e+01
  -1.1606299e+02   3.3274700e+01
  -1.2264664e+02   3.8069325e+01
  -1.1464297e+02   3.3477982e+01
  -1.2135914e+02   3.9271860e+01
  -1.2151437e+02   3.6577216e+01
  -1.1958015e+02   3.5851148e+01
  -1.2207292e+02   4.0936617e+01
  -1.2255360e+02   3.9478859e+01
  -1.2169756e+02   3.8642074e+01
  -1.2016302e+02   3.5460820e+01
  -1.2071491e+02   3.8689710e+01
  -1.1554247e+02   3.2758986e+01
  -1.1548666e+02   3.4229042e+01
  -1.2308605e+02   3.8907400e+01
  -1.2157938e+02   3.8845658e+01
  -1.1972534e+02   3.5235827e+01
  -1.1573894e+02   3.3166898e+01
  -1.2376284e+02   4.0697216e+01
  -1.1885703e+02   3.6252065e+01
  -1.2373755e+02   3.9866081e+01
  -1.2068207e+02   4.1088659e+01
  -1.1953554e+02   3.5122427e+01
  -1.2036699e+02   4.1070254e+01
  -1.2351392e+02   4.0969423e+01
  -1.2037123e+02   3.8603265e+01
  -1.2086496e+02   3.7913073e+01
  -1.1800854e+02   3.3782983e+01
  -1.2109844e+02   4.1334068e+01
  -1.1900761e+02   3.4670522e+01
  -1.2089429e+02   4.1520681e+01
  -1.2288638e+02   3.9713440e+01
  -1.2058177e+02   3.8126292e+01
  -1.2085616e+02   3.6699688e+01
  -1.1676361e+02   3.4769217e+01
  -1.2187431e+02   3.9189635e+01
  -1.1936080e+02   3.7123770e+01
  -1.2375833e+02   4.1297152e+01
  -1.2200955e+02   3.9440285e+01
  -1.1893224e+02   3.7908676e+01
  -1.1892828e+02   3.7198584e+01
  -1.2047807e+02   3.7372749e+01
  -1.2030923e+02   3.9584239e+01
  -1.1455836e+02   3.4024514e+01
  -1.2084981e+02   4.0336099e+01
  -1.1549269e+02   3.3112680e+01
  -1.2085804e+02   4.0851571e+01
  -1.2247974e+02   4.0548682e+01
  -1.1649901e+02   3.4823372e+01
  -1.2093527e+02   3.7692651e+01
  -1.2218889e+02   4.1941124e+01
  -1.2023773e+02   3.9789464e+01
  -1.2072915e+02   3.5204107e+01
  -1.1675348e+02   3.6141111e+01
  -1.1723167e+02   3.4827568e+01
  -1.1866643e+02   3.4214238e+01
  -1.2062953e+02   3.9445095e+01
  -1.1672884e+02   3.3883698e+01
  -1.2108196e+02   4.1102730e+01
  -1.1726324e+02   3.6776251e+01
  -1.1613637e+02   3.5438920e+01
  -1.2303254e+02   4.0516995e+01
  -1.1551211e+02   3.3434703e+01
  -1.2316205e+02   4.1571547e+01
  -1.1486296e+02   3.4365199e+01
  -1.2234920e+02   4.1912000e+01
  -1.2401374e+02   4.1590849e+01
  -1.2220313e+02   3.8828743e+01
  -1.1924795e+02   3.5932102e+01
  -1.1862598e+02   3.5816500e+01
  -1.2180720e+02   3.7541752e+01
  -1.2162017e+02   3.7044130e+01
  -1.1728243e+02   3.6346667e+01
  -1.2041376e+02   3.9450758e+01
  -1.2348482e+02   4.0528490e+01
  -1.1784810e+02   3.4781636e+01
  -1.2229656e+02   4.0464288e+01
  -1.2112903e+02   3.5970865e+01
  -1.1886126e+02   3.7087891e+01
  -1.1915900e+02   3.5329890e+01
  -1.2114007e+02   3.8870029e+01
  -1.1810027e+02   3.6856453e+01
  -1.2179409e+02   3.9502866e+01
  -1.1643586e+02   3.3721385e+01
  -1.2268795e+02   3.8495247e+01
  -1.1703500e+02   3.3276512e+01
  -1.2072555e+02   4.1849327e+01
  -1.1569913e+02   3.4630948e+01
  -1.2342906e+02   3.8713210e+01
  -1.2282663e+02   3.8319820e+01
  -1.1468099e+02   3.3017521e+01
  -1.2022612e+02   3.9253348e+01
  -1.2172599e+02   3.8316547e+01
  -1.1658541e+02   3.5789720e+01
  -1.1774700e+02   3.4889592e+01
  -1.1936364e+02   3.4920670e+01
  -1.1571626e+02   3.5116361e+01
  -1.1911280e+02   3.7929568e+01
  -1.1581381e+02   3.3563372e+01
  -1.1703313e+02   3.3890718e+01
  -1.1495442e+02   3.3629436e+01
  -1.1547573e+02   3.4765969e+01
  -1.2256019e+02   4.1873080e+01
  -1.2070465e+02   3.7127576e+01
  -1.1735610e+02   3.3640928e+01
  -1.2102094e+02   3.7478499e+01
  -1.2209614e+02   3.8655477e+01
  -1.1913277e+02   3.7040678e+01
  -1.2076190e+02   3.6511269e+01
  -1.1979434e+02   3.4804927e+01
  -1.2268423e+02   3.9404699e+01
  -1.1462262e+02   3.4809722e+01
  -1.1446494e+02   3.4547330e+01
  -1.2015530e+02   3.8932606e+01
  -1.2010524e+02   3.7965792e+01
  -1.1536352e+02   3.4185293e+01
  -1.2243067e+02   3.7745829e+01
  -1.2332387e+02   4.0414901e+01
  -1.2309059e+02   4.1349750e+01
  -1.1793367e+02   3.6818875e+01
  -1.2012553e+02   3.5257226e+01
  -1.2359263e+02   4.1207794e+01
  -1.1586926e+02   3.5520995e+01
  -1.1594649e+02   3.2662128e+01
  -1.2407691e+02   4.0234095e+01
  -1.2142468e+02   3.9615398e+01
  -1.2004752e+02   4.0495082e+01
  -1.2284454e+02   3.9504827e+01
  -1.1614709e+02   3.5861296e+01
  -1.1673318e+02   3.2670307e+01
  -1.1768281e+02   3.5515943e+01
  -1.1732244e+02   3.6576998e+01
  -1.2236247e+02   4.1354932e+01
  -1.1973964e+02   3.5686634e+01
  -1.2139705e+02   3.8695575e+01
  -1.2187537e+02   4.1742274e+01
  -1.2006290e+02   4.1783800e+01
  -1.1758737e+02   3.6489895e+01
  -1.1788904e+02   3.7140694e+01
  -1.1478313e+02   3.4757672e+01
  -1.1802414e+02   3.4044544e+01
  -1.2010996e+02   4.0868018e+01
  -1.1900389e+02   3.7598747e+01
  -1.2114143e+02   3.8195364e+01
  -1.2364342e+02   3.9044019e+01
  -1.1558848e+02   3.4967826e+01
  -1.2298270e+02   3.8719167e+01
  -1.1933424e+02   3.6452685e+01
  -1.1755086e+02   3.6050655e+01
  -1.2137887e+02   3.7395601e+01
  -1.1933278e+02   3.8071721e+01
  -1.2046519e+02   3.6086457e+01
  -1.1978987e+02   3.4502391e+01
  -1.1957962e+02   3.8629077e+01
  -1.2316697e+02   4.0216517e+01
  -1.1907689e+02   3.6321920e+01
  -1.1835634e+02   3.7423297e+01
  -1.1696193e+02   3.4223733e+01
  -1.1756204e+02   3.5072200e+01
  -1.2067122e+02   3.5862206e+01
  -1.2024746e+02   3.5868099e+01
  -1.2170891e+02   3.6727382e+01
  -1.2055325e+02   3.6482887e+01
  -1.1738382e+02   3.5636554e+01
  -1.2195604e+02   4.1483197e+01
  -1.2305970e+02   4.1610800e+01
  -1.1682898e+02   3.4612558e+01
  -1.1716276e+02   3.4109995e+01
  -1.2099274e+02   3.5842100e+01
  -1.2016909e+02   3.7799425e+01
  -1.2250006e+02   3.8012832e+01
  -1.1911761e+02   3.6674308e+01
  -1.1514484e+02   3.2925711e+01
  -1.1808017e+02   3.6290688e+01
  -1.2249529e+02   3.9265727e+01
  -1.2110945e+02   3.9503726e+01
  -1.1878056e+02   3.5687487e+01
  -1.2152272e+02   3.9685410e+01
  -1.1715325e+02   3.2904340e+01
  -1.1824910e+02   3.6443151e+01
  -1.1487538e+02   3.3859186e+01
  -1.1913871e+02   3.6860865e+01
  -1.1751138e+02   3.3542379e+01
  -1.2138389e+02   3.8137617e+01
  -1.2088779e+02   3.6069139e+01
  -1.2044326e+02   4.0452312e+01
  -1.1980994e+02   3.8211309e+01
  -1.1797536e+02   3.6607910e+01
  -1.1924932e+02   3.7908178e+01
  -1.1842289e+02   3.5613645e+01
  -1.1962108e+02   3.7363222e+01
  -1.2055527e+02   3.7935293e+01
  -1.1883924e+02   3.4699343e+01
  -1.2321870e+02   4.0711683e+01
  -1.1504267e+02   3.2749538e+01
  -1.1557281e+02   3.5353660e+01
  -1.2125973e+02   3.6562365e+01
  -1.1590042e+02   3.3967286e+01
  -1.1877295e+02   3.5079315e+01
  -1.1585383e+02   3.5145097e+01
  -1.2120176e+02   3.5747724e+01
  -1.1717185e+02   3.6887762e+01
  -1.1979610e+02   3.7152481e+01
  -1.2377091e+02   3.9402279e+01
  -1.2076870e+02   4.1270039e+01
  -1.1788552e+02   3.4390843e+01
  -1.1626050e+02   3.3285380e+01
  -1.2024421e+02   3.6476648e+01
  -1.1703536e+02   3.2606400e+01
  -1.2191631e+02   3.8626997e+01
  -1.1821294e+02   3.4745438e+01
  -1.2161876e+02   3.6408453e+01
  -1.1626970e+02   3.5212797e+01
  -1.2227813e+02   3.7959917e+01
  -1.1686295e+02   3.6583786e+01
  -1.1913825e+02   3.8161348e+01
  -1.2211816e+02   4.0529912e+01
  -1.1664241e+02   3.3239714e+01
  -1.2135241e+02   4.0885406e+01
  -1.2190696e+02   3.6547039e+01
  -1.2149205e+02   3.9310384e+01
  -1.2270376e+02   4.1530838e+01
  -1.2378477e+02   4.0783396e+01
  -1.1811972e+02   3.7638058e+01
  -1.1792253e+02   3.3926364e+01
  -1.2047009e+02   3.8854417e+01
  -1.2176027e+02   3.6323656e+01
  -1.1608408e+02   3.3882823e+01
  -1.1654412e+02   3.4428249e+01
  -1.2248555e+02   3.8270118e+01
  -1.1966099e+02   3.7564146e+01
  -1.1474236e+02   3.4005534e+01
  -1.2053778e+02   3.7224154e+01
  -1.1715686e+02   3.4333425e+01
  -1.2107553e+02   4.0644447e+01
  -1.2339380e+02   4.0286655e+01
  -1.1742142e+02   3.4057209e+01
  -1.2048888e+02   3.6678266e+01
  -1.1686579e+02   3.3687025e+01
  -1.2218339e+02   3.9719953e+01
  -1.2003943e+02   4.0187766e+01
  -1.1797019e+02   3.7502272e+01
  -1.1496618e+02   3.4150744e+01
  -1.2190416e+02   3.8415952e+01
  -1.1729078e+02   3.5462786e+01
  -1.2107520e+02   3.8720323e+01
  -1.2249307e+02   3.9824949e+01
  -1.2044942e+02   3.4717563e+01
  -1.1841206e+02   3.4838389e+01
  -1.2358679e+02   3.9219644e+01
  -1.2080674e+02   3.9987913e+01
  -1.2050195e+02   4.1211204e+01
  -1.1769458e+02   3.6812103e+01
  -1.1928433e+02   3.7420251e+01
  -1.1612076e+02   3.4211375e+01
  -1.1465820e+02   3.3836764e+01
  -1.2110112e+02   3.9320858e+01
  -1.2094490e+02   3.9464943e+01
  -1.2171504e+02   3.8007526e+01
  -1.2149847e+02   3.8400918e+01
  -1.2178384e+02   4.1932949e+01
  -1.2182270e+02   4.0641530e+01
  -1.1901210e+02   3.6984120e+01
  -1.2077152e+02   3.5776872e+01
  -1.1755385e+02   3.4588309e+01
  -1.1579217e+02   3.5333767e+01
  -1.2298023e+02   4.1071161e+01
  -1.2401713e+02   4.1154006e+01
  -1.1961486e+02   3.7781666e+01
  -1.1634017e+02   3.4789998e+01
  -1.1676050e+02   3.5701576e+01
  -1.1600523e+02   3.5204891e+01
  -1.1938283e+02   3.8307093e+01
  -1.1825020e+02   3.4404111e+01
  -1.2125844e+02   3.6307623e+01
  -1.1983092e+02   3.7414142e+01
  -1.2119409e+02   4.0688828e+01
  -1.1638220e+02   3.6323071e+01
  -1.1950430e+02   3.8405075e+01
  -1.1769762e+02   3.4353977e+01
  -1.2119742e+02   4.0948852e+01
  -1.2196798e+02   3.9829296e+01
  -1.2186178e+02   3.8787425e+01
  -1.1711616e+02   3.6498446e+01
  -1.2070044e+02   4.0084860e+01
  -1.2381865e+02   4.0300161e+01
  -1.1622703e+02   3.3417110e+01
  -1.2026835e+02   4.1360576e+01
  -1.1616326e+02   3.3098263e+01
  -1.1739275e+02   3.4639287e+01
  -1.1847856e+02   3.4328498e+01
  -1.1829951e+02   3.6266592e+01
  -1.2014044e+02   3.8270642e+01
  -1.2157956e+02   4.0278926e+01
  -1.2038602e+02   3.9225294e+01
  -1.2164534e+02   4.0686734e+01
  -1.1457195e+02   3.4324618e+01
  -1.1613754e+02   3.4088702e+01
  -1.2269056e+02   3.9719777e+01
  -1.2235439e+02   3.8656622e+01
  -1.2161988e+02   3.7516674e+01
  -1.1846188e+02   3.6474587e+01
  -1.1548656e+02   3.5125088e+01
  -1.2162306e+02   4.0879586e+01
  -1.2030029e+02   3.8667429e+01
  -1.2176369e+02   3.7847825e+01
  -1.1957329e+02   3.4567230e+01
  -1.1587601e+02   3.4616954e+01
  -1.2285992e+02   4.0065414e+01
  -1.2025177e+02   3.7500142e+01
  -1.2048260e+02   3.5804031e+01
  -1.2321799e+02   3.8730840e+01
  -1.1875954e+02   3.6087607e+01
  -1.2002519e+02   3.5644526e+01
  -1.1736218e+02   3.6960133e+01
  -1.1946474e+02   3.6066111e+01
  -1.2342247e+02   4.0047498e+01
  -1.2154633e+02   3.8634160e+01
  -1.2099163e+02   4.1595926e+01
  -1.2309608e+02   4.0053702e+01
  -1.2019704e+02   3.6094638e+01
  -1.1907088e+02   3.4816835e+01
  -1.2172992e+02   3.8464487e+01
  -1.1580837e+02   3.3060671e+01
  -1.1902996e+02   3.6124680e+01
  -1.2211051e+02   3.9006118e+01
  -1.1731297e+02   3.5895725e+01
  -1.1506220e+02   3.4960130e+01
  -1.2001341e+02   3.7686070e+01
  -1.1596428e+02   3.4933146e+01
  -1.2255659e+02   4.0904488e+01
  -1.2086831e+02   3.8122990e+01
  -1.2128081e+02   3.7073569e+01
  -1.2031165e+02   3.5285145e+01
  -1.2048081e+02   3.7751016e+01
  -1.1681004e+02   3.6312217e+01
  -1.2281882e+02   4.1940130e+01
  -1.1846607e+02   3.3976516e+01
  -1.1757177e+02   3.4064285e+01
  -1.2037194e+02   3.4499737e+01
  -1.1970279e+02   3.6388044e+01
  -1.2212907e+02   4.0737982e+01
  -1.1783214e+02   3.6624007e+01
  -1.2158441e+02   4.1301233e+01
  -1.2285655e+02   3.9153297e+01
  -1.2014976e+02   3.8117038e+01
  -1.1893275e+02   3.6407171e+01
  -1.1751975e+02   3.5918868e+01
  -1.2097131e+02   3.8868398e+01
  -1.1712002e+02   3.5528515e+01
  -1.1992391e+02   3.5479174e+01
  -1.2429170e+02   4.0482822e+01
  -1.1889388e+02   3.4231895e+01
  -1.1804219e+02   3.4595459e+01
  -1.2129657e+02   4.1950479e+01
  -1.2153845e+02   4.0134838e+01
  -1.2046746e+02   3.5577637e+01
  -1.2117051e+02   4.0288315e+01
  -1.2071405e+02   4.1394708e+01
  -1.1667408e+02   3.5497097e+01
  -1.1937316e+02   3.6920140e+01
  -1.1889528e+02   3.5963177e+01
  -1.2162173e+02   3.6166506e+01
  -1.1531902e+02   3.5189747e+01
  -1.2427260e+02   4.0287485e+01
  -1.1820716e+02   3.7052418e+01
  -1.1726854e+02   3.3752153e+01
  -1.1780436e+02   3.4539780e+01
  -1.2040600e+02   3.8145487e+01
  -1.2149094e+02   4.1903018e+01
  -1.1438030e+02   3.4158712e+01
  -1.2085078e+02   3.9066800e+01
  -1.1598391e+02   3.4333245e+01
  -1.2233475e+02   3.9554389e+01
  -1.1750776e+02   3.4215048e+01
  -1.2081294e+02   3.7044547e+01
  -1.2351557e+02   3.9725299e+01
  -1.2385553e+02   4.1570216e+01
  -1.2036912e+02   4.1326668e+01
  -1.1751451e+02   3.5570297e+01
  -1.1679198e+02   3.4061407e+01
  -1.1546896e+02   3.4568008e+01
  -1.2242426e+02   3.9964118e+01
  -1.1579426e+02   3.4748433e+01
  -1.1716414e+02   3.3501211e+01
  -1.2216948e+02   3.9142575e+01
  -1.2230277e+02   3.9759700e+01
  -1.1935399e+02   3.6689209e+01
  -1.2035874e+02   3.7981638e+01
  -1.2097607e+02   4.0190975e+01
  -1.1936042e+02   3.7720177e+01
  -1.2024819e+02   3.7037002e+01
  -1.2224544e+02   3.8174765e+01
  -1.2245226e+02   3.8960380e+01
  -1.1947537e+02   3.6233932e+01
  -1.1909772e+02   3.4203415e+01
  -1.2199190e+02   4.0443145e+01
  -1.1630733e+02   3.5056534e+01
  -1.2396853e+02   4.0101392e+01
  -1.2033249e+02   3.7664112e+01
  -1.1499418e+02   3.4519669e+01
  -1.2056404e+02   4.0587678e+01
  -1.1967799e+02   3.6041391e+01
  -1.2098652e+02   3.6539030e+01
  -1.1605910e+02   3.2964706e+01
  -1.2264860e+02   4.0973404e+01
  -1.1982980e+02   3.5142060e+01
  -1.1800762e+02   3.5475873e+01
  -1.2119017e+02   3.9385982e+01
  -1.2296724e+02   4.0898051e+01
  -1.1947535e+02   3.5269765e+01
  -1.2289210e+02   4.1327875e+01
  -1.1515392e+02   3.4353939e+01
  -1.2106161e+02   3.6114061e+01
  -1.1532989e+02   3.4682455e+01
  -1.1747572e+02   3.3414942e+01
  -1.2012862e+02   3.8579640e+01
  -1.2101535e+02   3.6720659e+01
  -1.1808133e+02   3.5089958e+01
  -1.1977771e+02   3.6652433e+01
  -1.2124804e+02   3.9710953e+01
  -1.2146313e+02   3.6832855e+01
  -1.2101082e+02   3.8399844e+01
  -1.1672917e+02   3.4659260e+01
  -1.1918473e+02   3.6529228e+01
  -1.2057883e+02   3.6026477e+01
  -1.2135708e+02   3.6489351e+01
  -1.2213579e+02   3.7138683e+01
  -1.2125417e+02   3.8724041e+01
  -1.1632117e+02   3.2650287e+01
  -1.1956076e+02   3.6207950e+01
  -1.1871352e+02   3.7165488e+01
  -1.1985672e+02   3.6992396e+01
  -1.1483013e+02   3.5065313e+01
  -1.2141002e+02   3.7597712e+01
  -1.2391809e+02   4.1760076e+01
  -1.2000322e+02   3.8486806e+01
  -1.2057409e+02   3.9581520e+01
  -1.1981398e+02   3.6805090e+01
  -1.1952815e+02   3.5428076e+01
  -1.2074590e+02   3.6275115e+01
  -1.1982444e+02   3.8066445e+01
  -1.2126929e+02   3.6881985e+01
  -1.1785415e+02   3.6137520e+01
  -1.1517183e+02   3.4117091e+01
  -1.1723281e+02   3.4609504e+01
  -1.2082641e+02   3.8549346e+01
  -1.1739651e+02   3.6429381e+01
  -1.1647522e+02   3.3967487e+01
  -1.1772434e+02   3.7271937e+01
  -1.1514347e+02   3.4597121e+01
  -1.2400651e+02   4.1967048e+01
  -1.2291721e+02   3.9001918e+01
  -1.1741821e+02   3.5227917e+01
  -1.1796838e+02   3.6358139e+01
  -1.1565223e+02   3.4013373e+01
  -1.1567661e+02   3.3366886e+01
  -1.1525984e+02   3.4754083e+01
  -1.1637381e+02   3.4387114e+01
  -1.2201863e+02   3.9347706e+01
  -1.2036530e+02   3.6324796e+01
  -1.1832998e+02   3.7217595e+01
  -1.2178793e+02   4.0427433e+01
  -1.1720372e+02   3.3840185e+01
  -1.1711955e+02   3.6042209e+01
  -1.2126733e+02   3.8943018e+01
  -1.2320119e+02   3.9257100e+01
  -1.1635027e+02   3.3582868e+01
  -1.1731934e+02   3.3367790e+01
  -1.1833157e+02   3.3784356e+01
  -1.1869870e+02   3.6555308e+01
  -1.2073356e+02   3.7727987e+01
  -1.1565609e+02   3.3682157e+01
  -1.1947083e+02   3.7851024e+01
  -1.2239614e+02   3.7591943e+01
  -1.2224846e+02   4.0315400e+01
  -1.2051072e+02   4.1684993e+01
  -1.2036316e+02   4.1737796e+01
  -1.1855065e+02   3.5354692e+01
  -1.1831896e+02   3.4211131e+01
  -1.2093804e+02   4.0533491e+01
  -1.1595988e+02   3.3679322e+01
  -1.1494494e+02   3.3208469e+01
  -1.1459369e+02   3.4219475e+01
  -1.2274718e+02   4.0523243e+01
  -1.1897402e+02   3.5407581e+01
  -1.1853232e+02   3.6280667e+01
  -1.2236543e+02   3.8816142e+01
  -1.1682789e+02   3.2847649e+01
  -1.2284798e+02   3.8399346e+01
  -1.2024342e+02   4.0296725e+01
  -1.2110599e+02   3.5725218e+01
  -1.2231097e+02   4.0696999e+01
  -1.1558352e+02   3.5604069e+01
  -1.1580247e+02   3.5669888e+01
  -1.2079406e+02   3.9645572e+01
  -1.1736340e+02   3.5011524e+01
  -1.2009834e+02   3.6486186e+01
  -1.1890700e+02   3.7442407e+01
  -1.1888476e+02   3.6497957e+01
  -1.2046440e+02   3.9822888e+01
  -1.2249335e+02   4.1499961e+01
  -1.2029807e+02   4.0573141e+01
  -1.2113903e+02   3.7846749e+01
  -1.1691815e+02   3.4791371e+01
  -1.1523766e+02   3.4201261e+01
  -1.2275506e+02   4.0373385e+01
  -1.2067981e+02   3.5447939e+01
  -1.2145901e+02   3.7280208e+01
  -1.2067517e+02   4.1664227e+01
  -1.2070896e+02   4.0716889e+01
  -1.1833675e+02   3.5268917e+01
  -1.1758944e+02   3.7000194e+01
  -1.2265586e+02   4.1650233e+01
  -1.2214111e+02   4.1354394e+01
  -1.1651317e+02   3.3465173e+01
  -1.1494091e+02   3.4740207e+01
  -1.2147974e+02   3.9003484e+01
  -1.2185728e+02   3.7707625e+01
  -1.2079371e+02   3.9508463e+01
  -1.2066441e+02   3.7883986e+01
  -1.1842074e+02   3.6178321e+01
  -1.2110389e+02   4.1904206e+01
  -1.1698915e+02   3.5269961e+01
  -1.1590794e+02   3.5982105e+01
  -1.2064824e+02   3.8561920e+01
  -1.2058205e+02   3.7638111e+01
  -1.2180851e+02   4.0772652e+01
  -1.2085573e+02   3.9296375e+01
  -1.1995345e+02   3.6328564e+01
  -1.2330548e+02   3.9257281e+01
  -1.1809422e+02   3.6042964e+01
  -1.1766336e+02   3.3968163e+01
  -1.2079659e+02   3.7234356e+01
  -1.2401706e+02   4.1391077e+01
  -1.1470067e+02   3.4621148e+01
  -1.2167400e+02   4.0236166e+01
  -1.1862521e+02   3.4361344e+01
  -1.1729463e+02   3.3973147e+01
  -1.1699778e+02   3.2923776e+01
  -1.1955254e+02   3.7286903e+01
  -1.2162732e+02   3.6569771e+01
  -1.2245526e+02   4.1710969e+01
  -1.1625154e+02   3.4297202e+01
  -1.2108563e+02   3.6320962e+01
  -1.2237215e+02   3.7413973e+01
  -1.2127148e+02   4.1144314e+01
  -1.1828673e+02   3.5495969e+01
  -1.1682440e+02   3.4947448e+01
  -1.2004640e+02   4.1903728e+01
  -1.2067188e+02   3.9066675e+01
  -1.1656981e+02   3.4268397e+01
  -1.1633937e+02   3.5995656e+01
  -1.2211460e+02   4.1152892e+01
  -1.2176737e+02   3.9994406e+01
  -1.1625798e+02   3.3703205e+01
  -1.1824538e+02   3.6694368e+01
  -1.1991823e+02   3.8793414e+01
  -1.2016187e+02   3.9461777e+01
  -1.2115588e+02   3.9951431e+01
  -1.1684739e+02   3.5839723e+01
  -1.2085113e+02   3.8338509e+01
  -1.2182562e+02   4.0244224e+01
  -1.2014744e+02   3.6299016e+01
  -1.2106050e+02   4.0852584e+01
  -1.1477634e+02   3.3595513e+01
  -1.2203457e+02   4.1772693e+01
  -1.2115552e+02   4.0408666e+01
  -1.2244626e+02   3.8473513e+01
  -1.1860637e+02   3.7964497e+01
  -1.2355622e+02   4.0230610e+01
  -1.2209095e+02   3.8306159e+01
  -1.2003258e+02   3.5990275e+01
  -1.2069178e+02   3.6391709e+01
  -1.1603407e+02   3.6001685e+01
  -1.2195262e+02   4.0065540e+01
  -1.1794299e+02   3.5682068e+01
  -1.2155406e+02   4.1473912e+01
  -1.2006167e+02   3.7113642e+01
  -1.1944966e+02   3.6617093e+01
  -1.2118375e+02   3.8378759e+01
  -1.2107743e+02   3.9033834e+01
  -1.1602690e+02   3.4804174e+01
  -1.2339941e+02   3.9338358e+01
  -1.1863437e+02   3.6781900e+01
  -1.2368258e+02   3.9715159e+01
  -1.1554786e+02   3.3843852e+01
  -1.1556749e+02   3.4449164e+01
  -1.1636743e+02   3.5606093e+01
  -1.2223891e+02   4.1732085e+01
  -1.1821456e+02   3.7353935e+01
  -1.1873790e+02   3.6330477e+01
  -1.2073307e+02   3.7517558e+01
  -1.2047904e+02   3.5378587e+01
  -1.1966457e+02   3.6589059e+01
  -1.2114420e+02   3.9654101e+01
  -1.2134221e+02   4.0504112e+01
  -1.1648261e+02   3.3036774e+01
  -1.2100298e+02   3.9199642e+01
  -1.1862836e+02   3.5565788e+01
  -1.2000258e+02   3.4824229e+01
  -1.2113966e+02   3.7193717e+01
  -1.1511541e+02   3.4772585e+01
  -1.1983027e+02   3.7678326e+01
  -1.1624628e+02   3.4708610e+01
  -1.1653591e+02   3.4995658e+01
  -1.2071731e+02   3.8080097e+01
  -1.2084621e+02   3.6855549e+01
  -1.1995850e+02   3.8288833e+01
  -1.2317370e+02   4.0448674e+01
  -1.2187131e+02   3.8243082e+01
  -1.2033454e+02   4.1911632e+01
  -1.1591334e+02   3.2885575e+01
  -1.2032565e+02   3.7206891e+01
  -1.2337130e+02   4.1082641e+01
  -1.1458398e+02   3.2875985e+01
  -1.2149268e+02   3.9492065e+01
  -1.1743439e+02   3.3879686e+01
  -1.1514055e+02   3.3549788e+01
  -1.2122461e+02   3.7554199e+01
  -1.1674508e+02   3.3616480e+01
  -1.1718943e+02   3.5161443e+01
  -1.1508006e+02   3.3157390e+01
  -1.1498532e+02   3.5066150e+01
  -1.1565798e+02   3.4247638e+01
  -1.1804748e+02   3.5681108e+01
  -1.2044245e+02   4.1450371e+01
  -1.1538748e+02   3.5597277e+01
  -1.1826225e+02   3.5648291e+01
  -1.1623004e+02   3.4904734e+01
  -1.2360215e+02   4.0562117e+01
  -1.1539434e+02   3.4891126e+01
  -1.2125947e+02   4.1730754e+01
  -1.1905528e+02   3.4351775e+01
  -1.2194727e+02   4.1318972e+01
  -1.1520680e+02   3.5337458e+01
  -1.2101983e+02   3.6962142e+01
  -1.1477831e+02   3.4259373e+01
  -1.2028649e+02   4.0996192e+01
  -1.2346081e+02   4.1676238e+01
  -1.2115005e+02   4.1793213e+01
  -1.1589499e+02   3.4439251e+01
  -1.1912954e+02   3.7277092e+01
  -1.2145853e+02   4.1708428e+01
  -1.1670973e+02   3.6560733e+01
  -1.1796854e+02   3.5323005e+01
  -1.1966204e+02   3.8208014e+01
  -1.2267736e+02   3.9147841e+01
  -1.2038913e+02   4.0173162e+01
  -1.2151839e+02   3.6018888e+01
  -1.1923309e+02   3.8220624e+01
  -1.1929012e+02   3.5146548e+01
  -1.2157496e+02   3.9950787e+01
  -1.2037808e+02   3.8363079e+01
  -1.1917655e+02   3.6197400e+01
  -1.1623321e+02   3.2838487e+01
  -1.2029478e+02   3.8428918e+01
  -1.2095682e+02   3.8164047e+01
  -1.1961721e+02   3.8032833e+01
  -1.2390073e+02   4.1083154e+01
  -1.2066455e+02   3.9321088e+01
  -1.2226401e+02   3.9998949e+01
  -1.2057597e+02   3.6278785e+01
  -1.1910592e+02   3.5639541e+01
  -1.2067239e+02   3.6961266e+01
  -1.2090366e+02   3.7603479e+01
  -1.2323938e+02   4.1386356e+01
  -1.2011087e+02   3.9978070e+01
  -1.2012316e+02   4.1004256e+01
  -1.1846787e+02   3.7575723e+01
  -1.1684531e+02   3.5399943e+01
  -1.1567692e+02   3.2826176e+01
  -1.1789574e+02   3.4187877e+01
  -1.2051707e+02   3.9273124e+01
  -1.1911201e+02   3.4981786e+01
  -1.1963574e+02   3.5002860e+01
  -1.1689130e+02   3.6034745e+01
  -1.2127750e+02   3.6773948e+01
  -1.2297316e+02   3.9846097e+01
  -1.1879076e+02   3.5465141e+01
  -1.2342172e+02   4.1392308e+01
  -1.2279180e+02   4.1026113e+01
  -1.2081081e+02   3.5506624e+01
  -1.2116991e+02   3.8526420e+01
  -1.2300462e+02   4.1870826e+01
  -1.1987186e+02   3.5274524e+01
  -1.2013383e+02   4.1438396e+01
  -1.2179533e+02   3.8918318e+01
  -1.1718140e+02   3.5778104e+01
  -1.1812080e+02   3.3790854e+01
  -1.1712057e+02   3.4949487e+01
  -1.1836304e+02   3.5809335e+01
  -1.2041223e+02   4.0798074e+01
  -1.2356803e+02   4.1435860e+01
  -1.1768690e+02   3.4678539e+01
  -1.2257484e+02   3.7914662e+01
  -1.1879784e+02   3.6864323e+01
  -1.2011408e+02   3.7349920e+01
  -1.1484280e+02   3.4912400e+01
  -1.1703338e+02   3.6257570e+01
  -1.2096532e+02   3.7156010e+01
  -1.1837124e+02   3.6807566e+01
  -1.1819382e+02   3.5258704e+01
  -1.1870311e+02   3.7043376e+01
  -1.1634634e+02   3.3046371e+01
  -1.1694954e+02   3.3078324e+01
  -1.2196013e+02   4.0818878e+01
  -1.1932911e+02   3.4432052e+01
  -1.2092106e+02   4.1043561e+01
  -1.2150392e+02   4.0691545e+01
  -1.1875235e+02   3.6654772e+01
  -1.1750159e+02   3.6780195e+01
  -1.1954894e+02   3.6508759e+01
  -1.1588042e+02   3.5727044e+01
  -1.2128616e+02   4.1344018e+01
  -1.1997317e+02   3.6972749e+01
  -1.1525203e+02   3.3201440e+01
  -1.1761903e+02   3.5749334e+01
  -1.2143963e+02   4.0238773e+01
  -1.1664047e+02   3.3784829e+01
  -1.2260585e+02   3.9077896e+01
  -1.1807428e+02   3.7197079e+01
  -1.2023463e+02   3.6887235e+01
  -1.2063293e+02   4.0943941e+01
  -1.1656584e+02   3.6376204e+01
  -1.2245246e+02   4.1149391e+01
  -1.1752594e+02   3.6217331e+01
  -1.2188250e+02   3.7230560e+01
  -1.1921652e+02   3.8374580e+01
  -1.2012825e+02   4.1236379e+01
  -1.2356769e+02   3.8950151e+01
  -1.2096036e+02   3.9680231e+01
  -1.2095063e+02   3.5634696e+01
  -1.1990847e+02   3.8665714e+01
  -1.1642055e+02   3.2907124e+01
  -1.2178065e+02   3.6994818e+01
  -1.1874381e+02   3.7490153e+01
  -1.1948461e+02   3.8192175e+01
  -1.1831779e+02   3.4991561e+01
  -1.2235710e+02   4.0962854e+01
  -1.1629773e+02   3.4499100e+01
  -1.2192320e+02   3.7867560e+01
  -1.2013892e+02   4.1643636e+01
  -1.1685247e+02   3.4436416e+01
  -1.2155482e+02   3.8192307e+01
  -1.2011288e+02   3.9260417e+01
  -1.2134452e+02   3.5925677e+01
  -1.2314261e+02   3.9404127e+01
  -1.1998409e+02   3.7480739e+01
  -1.2100416e+02   4.1393728e+01
  -1.2117499e+02   4.1507361e+01
  -1.1491768e+02   3.3352292e+01
  -1.1539422e+02   3.5351593e+01
  -1.1693081e+02   3.5637153e+01
  -1.2364236e+02   4.0984553e+01
  -1.1780044e+02   3.3588519e+01
  -1.1935129e+02   3.6197138e+01
  -1.2018436e+02   4.0069416e+01
  -1.2047376e+02   3.7055428e+01
  -1.2228751e+02   3.9027406e+01
  -1.2217250e+02   3.9856938e+01
  -1.1862386e+02   3.6106403e+01
  -1.2350298e+02   3.9134154e+01
  -1.2143110e+02   4.1024302e+01
  -1.1479271e+02   3.3296941e+01
  -1.1708624e+02   3.4662098e+01
  -1.2252384e+02   4.0297906e+01
  -1.2297222e+02   4.0287981e+01
  -1.2108952e+02   3.7662781e+01
  -1.1972122e+02   3.5462862e+01
  -1.2179531e+02   4.1572861e+01
  -1.2022870e+02   3.4861870e+01
  -1.2043400e+02   3.9074502e+01
  -1.2111375e+02   3.6833594e+01
  -1.2347974e+02   4.1868503e+01
  -1.2212404e+02   3.7451356e+01
  -1.2050735e+02   3.6829634e+01
  -1.2158448e+02   3.7165111e+01
  -1.1650233e+02   3.6031595e+01
  -1.2141165e+02   3.9840654e+01
  -1.2208977e+02   3.7706936e+01
  -1.2292309e+02   3.8258771e+01
  -1.1718931e+02   3.2787213e+01
  -1.2030660e+02   3.5093132e+01
  -1.2365842e+02   4.0026632e+01
  -1.2306872e+02   3.9804921e+01
  -1.2367761e+02   4.0410667e+01
  -1.2201335e+02   3.9557017e+01
  -1.1752214e+02   3.5402579e+01
  -1.2279451e+02   3.9863490e+01
  -1.2168899e+02   3.9608713e+01
  -1.2041907e+02   3.9611825e+01
  -1.2092663e+02   4.1749186e+01
  -1.2216654e+02   3.7937824e+01
  -1.2324174e+02   3.9708418e+01
  -1.1535139e+02   3.3055921e+01
  -1.2059662e+02   3.8677676e+01
  -1.1900617e+02   3.5931152e+01
  -1.1585666e+02   3.3797282e+01
  -1.2173682e+02   4.1748271e+01
  -1.1544542e+02   3.5457128e+01
  -1.1593161e+02   3.4170015e+01
  -1.1860023e+02   3.7385998e+01
  -1.2381753e+02   4.0129581e+01
  -1.1997534e+02   3.5790803e+01
  -1.1658218e+02   3.5604714e+01
  -1.1996985e+02   3.8956857e+01
  -1.1634436e+02   3.3944723e+01
  -1.2175499e+02   4.1364817e+01
  -1.1694042e+02   3.6746179e+01
  -1.2021084e+02   3.4656231e+01
  -1.2175162e+02   4.1064411e+01
  -1.2030971e+02   3.8989730e+01
  -1.2003435e+02   3.5082670e+01
  -1.2363847e+02   3.9383185e+01
  -1.2063386e+02   3.5763029e+01
  -1.2401309e+02   4.0405180e+01
  -1.1540119e+02   3.3938075e+01
  -1.1579754e+02   3.4344009e+01
  -1.1778924e+02   3.5313250e+01
  -1.1529091e+02   3.2732729e+01
  -1.1671770e+02   3.3459662e+01
  -1.2312764e+02   4.1791027e+01
  -1.1804066e+02   3.4767290e+01
  -1.2120060e+02   3.7773854e+01
  -1.2044753e+02   3.4873089e+01
  -1.2342378e+02   3.8994173e+01
  -1.1888646e+02   3.7662485e+01
  -1.1978679e+02   3.6119192e+01
  -1.2153800e+02   3.8066809e+01
  -1.2169173e+02   3.9320402e+01
  -1.1638375e+02   3.5442182e+01
  -1.2186076e+02   3.7964697e+01
  -1.2155616e+02   4.0485304e+01
  -1.2350316e+02   3.9517561e+01
  -1.2295047e+02   4.0606996e+01
  -1.1761111e+02   3.3776605e+01
  -1.1902458e+02   3.5592079e+01
  -1.1987864e+02   3.7225414e+01
  -1.1547463e+02   3.3276181e+01
  -1.2033143e+02   4.1498047e+01
  -1.1493050e+02   3.3463673e+01
  -1.1959428e+02   3.6789364e+01
  -1.1705022e+02   3.4486457e+01
  -1.2068494e+02   3.6733117e+01
  -1.2336195e+02   4.0798831e+01
  -1.1817110e+02   3.4522123e+01
  -1.2052027e+02   4.0751954e+01
  -1.2066681e+02   3.8365061e+01
  -1.2110506e+02   3.9858782e+01
  -1.2286375e+02   3.8069927e+01
  -1.1684604e+02   3.3081438e+01
  -1.2161708e+02   3.9117981e+01
  -1.2319256e+02   4.1035988e+01
  -1.1946284e+02   3.7528440e+01
  -1.2222902e+02   3.9452909e+01
  -1.1895094e+02   3.5166767e+01
  -1.1861677e+02   3.5006296e+01
  -1.1960740e+02   3.5681587e+01
  -1.2198377e+02   3.8842452e+01
  -1.1842629e+02   3.6009671e+01
  -1.2404095e+02   4.0621233e+01
  -1.2228427e+02   3.9283073e+01
  -1.2009809e+02   4.0303897e+01
  -1.1544644e+02   3.2902277e+01
  -1.2058130e+02   3.4904982e+01
  -1.1740715e+02   3.4356631e+01
  -1.1824806e+02   3.5168739e+01
  -1.1699782e+02   3.3508712e+01
  -1.1815769e+02   3.4137967e+01
  -1.1675609e+02   3.5063644e+01
  -1.1645484e+02   3.3321022e+01
  -1.1906427e+02   3.7394073e+01
  -1.2326607e+02   3.9554770e+01
  -1.2089701e+02   4.1908175e+01
  -1.2064971e+02   3.9761510e+01
  -1.1458426e+02   3.4432993e+01
  -1.2054655e+02   3.5233537e+01
  -1.2006407e+02   3.6135997e+01
  -1.1788311e+02   3.6419172e+01
  -1.1605417e+02   3.5709118e+01
  -1.2032562e+02   3.6609489e+01
  -1.1941101e+02   3.5592828e+01
  -1.1884714e+02   3.8086001e+01
  -1.2125700e+02   3.8623227e+01
  -1.2003764e+02   4.0630801e+01
  -1.1940209e+02   3.7300222e+01
  -1.1507847e+02   3.3411827e+01
  -1.1663043e+02   3.2998739e+01
  -1.1483532e+02   3.2766305e+01
  -1.1671835e+02   3.5888535e+01
  -1.1864846e+02   3.7579726e+01
  -1.2084638e+02   4.0647431e+01
  -1.1946900e+02   3.4608175e+01
  -1.2195116e+02   3.7004102e+01
  -1.1650824e+02   3.4623691e+01
  -1.2336995e+02   3.9891567e+01
  -1.2132781e+02   3.9487009e+01
  -1.1614519e+02   3.3593002e+01
  -1.2272519e+02   3.8818612e+01
  -1.1524440e+02   3.3094756e+01
  -1.1804934e+02   3.5923467e+01
  -1.1531467e+02   3.5424761e+01
  -1.2216437e+02   4.1543838e+01
  -1.2103974e+02   4.0355360e+01
  -1.2178171e+02   3.9784589e+01
  -1.2307032e+02   4.0694573e+01
  -1.1707952e+02   3.5227054e+01
  -1.2372731e+02   3.9986218e+01
  -1.1536127e+02   3.4310544e+01
  -1.1810392e+02   3.4958900e+01
