  -9.8930308e+01   2.6477815e+01
  -9.9617000e+01   3.2823378e+01
  -9.9604615e+01   3.4573725e+01
  -9.7480887e+01   2.7016935e+01
  -9.5054214e+01   3.9135440e+01
  -9.7303093e+01   3.9416231e+01
  -9.7594651e+01   2.9901401e+01
  -1.0133903e+02   3.1140869e+01
  -9.8062817e+01   2.7766282e+01
  -1.0238658e+02   3.6779209e+01
  -9.9998819e+01   3.3005328e+01
  -1.0062702e+02   3.4549200e+01
  -9.9535964e+01   3.2319532e+01
  -9.5426329e+01   3.8450304e+01
  -9.8364555e+01   3.6262320e+01
  -9.8323212e+01   3.7328562e+01
  -1.0140011e+02   3.0269621e+01
  -1.0242411e+02   3.3475862e+01
  -9.4970977e+01   3.1925130e+01
  -9.5220633e+01   3.4092999e+01
  -9.5841672e+01   2.9126557e+01
  -1.0341160e+02   3.1273480e+01
  -1.0144675e+02   3.6535314e+01
  -9.7957955e+01   2.6661062e+01
  -1.0018320e+02   3.2507436e+01
  -9.5664245e+01   3.9618087e+01
  -1.0371557e+02   3.1879061e+01
  -1.0243758e+02   3.0637053e+01
  -9.9111019e+01   3.9254242e+01
  -9.9815054e+01   2.8638221e+01
  -9.9206106e+01   2.9036596e+01
  -9.7378951e+01   3.6353955e+01
  -9.8499073e+01   3.5756541e+01
  -9.7417245e+01   3.6558860e+01
  -1.0251561e+02   3.4217162e+01
  -1.0260762e+02   3.4462203e+01
  -9.9879623e+01   3.6872534e+01
  -9.6311811e+01   3.1422886e+01
  -9.9823996e+01   3.2177805e+01
  -9.8653372e+01   3.8875530e+01
  -1.0297293e+02   3.5089998e+01
  -9.4996057e+01   3.4873310e+01
  -9.7351214e+01   3.2788532e+01
  -9.7622975e+01   2.9451279e+01
  -1.0096249e+02   3.1300337e+01
  -1.0227027e+02   3.1863525e+01
  -9.3831388e+01   3.0952963e+01
  -9.9980979e+01   3.9645434e+01
  -1.0113726e+02   3.2938418e+01
  -9.7893007e+01   3.7877575e+01
  -9.5980066e+01   3.3739522e+01
  -9.7411030e+01   3.4514105e+01
  -1.0123681e+02   3.1965970e+01
  -9.6728891e+01   3.6827641e+01
  -9.6103607e+01   3.1144576e+01
  -9.8832189e+01   2.9314976e+01
  -9.4754840e+01   3.8692615e+01
  -9.6379759e+01   2.9632463e+01
  -1.0070488e+02   2.9986442e+01
  -9.4766204e+01   3.4625700e+01
  -1.0228882e+02   3.2640747e+01
  -1.0054712e+02   2.9418861e+01
  -9.7089111e+01   2.8659733e+01
  -1.0149443e+02   3.0042724e+01
  -9.8928576e+01   3.5474503e+01
  -9.8307053e+01   3.2275432e+01
  -1.0169257e+02   3.9414164e+01
  -9.8560039e+01   2.8599470e+01
  -9.9077410e+01   2.8541203e+01
  -9.9864176e+01   3.1620199e+01
  -1.0252796e+02   3.3341257e+01
  -9.4297284e+01   3.3263984e+01
  -9.8920793e+01   3.8159250e+01
  -9.9356517e+01   3.3864859e+01
  -1.0332353e+02   3.0328785e+01
  -9.6807967e+01   3.5507599e+01
  -9.7485743e+01   3.9022352e+01
  -1.0298059e+02   2.9236588e+01
  -1.0108120e+02   3.1815433e+01
  -9.8793413e+01   2.7085665e+01
  -9.5737878e+01   3.0049497e+01
  -9.5683034e+01   3.8236327e+01
  -1.0498053e+02   3.0950388e+01
  -9.4576344e+01   3.4444382e+01
  -1.0151713e+02   3.6118516e+01
  -9.9967279e+01   3.5727586e+01
  -9.8841011e+01   3.4570465e+01
  -1.0235445e+02   3.6654699e+01
  -1.0047879e+02   3.9147308e+01
  -9.6003585e+01   3.5884607e+01
  -1.0213454e+02   3.2994399e+01
  -9.9394278e+01   3.9574900e+01
  -1.0127752e+02   3.4089376e+01
  -9.9926502e+01   3.6612863e+01
  -1.0002004e+02   2.8583404e+01
  -1.0001764e+02   3.8014650e+01
  -9.8630617e+01   3.9710029e+01
  -1.0018186e+02   3.4628476e+01
  -9.5899829e+01   3.0832471e+01
  -9.7029885e+01   3.1753270e+01
  -9.7407777e+01   3.5524316e+01
  -9.9349994e+01   3.0552995e+01
  -9.4475032e+01   3.2242574e+01
  -9.8988863e+01   3.0844803e+01
  -9.6789766e+01   3.0578506e+01
  -9.7354076e+01   3.4857565e+01
  -1.0150212e+02   3.4635842e+01
  -1.0044173e+02   3.9970506e+01
  -9.7322599e+01   3.8993592e+01
  -1.0198090e+02   3.0784076e+01
  -9.8502539e+01   2.8327405e+01
  -1.0225092e+02   3.4180097e+01
  -9.6552409e+01   2.9905066e+01
  -9.3959112e+01   3.1472105e+01
  -1.0009518e+02   3.6375072e+01
  -1.0112887e+02   3.1201948e+01
  -9.9876364e+01   3.3981846e+01
  -9.4904683e+01   3.0290517e+01
  -9.7367173e+01   3.2093574e+01
  -1.0194619e+02   3.3138268e+01
  -9.6315033e+01   2.9154075e+01
  -1.0265747e+02   3.6251155e+01
  -9.6604374e+01   3.4059161e+01
  -9.9040512e+01   2.6890056e+01
  -1.0384666e+02   3.1482524e+01
  -1.0056233e+02   3.2157021e+01
  -1.0061347e+02   3.2525914e+01
  -1.0188621e+02   3.4698997e+01
  -1.0250391e+02   3.1798155e+01
  -9.9825482e+01   3.3177005e+01
  -1.0054770e+02   3.9694059e+01
  -9.7788255e+01   3.5465058e+01
  -9.6405194e+01   3.7465407e+01
  -9.6342384e+01   3.0455239e+01
  -9.8826550e+01   3.8938708e+01
  -1.0073074e+02   3.8338433e+01
  -1.0048739e+02   3.3974252e+01
  -9.8064287e+01   3.7661052e+01
  -9.5645016e+01   3.1272342e+01
  -1.0022856e+02   3.9139005e+01
  -9.9957114e+01   3.5362549e+01
  -9.5329700e+01   3.7551586e+01
  -1.0159220e+02   3.9946376e+01
  -9.5841430e+01   2.9488118e+01
  -9.5446342e+01   3.0016072e+01
  -9.8124586e+01   3.1497871e+01
  -9.8520705e+01   3.5274870e+01
  -9.7694886e+01   3.0666115e+01
  -1.0091518e+02   3.2805178e+01
  -9.6495772e+01   3.1915178e+01
  -9.5559021e+01   3.0131988e+01
  -9.3920254e+01   3.0788495e+01
  -9.5424583e+01   3.9809073e+01
  -9.7947229e+01   2.8000387e+01
  -1.0210276e+02   3.0229089e+01
  -9.8528834e+01   3.9020654e+01
  -9.5067057e+01   3.2827404e+01
  -9.6772321e+01   3.0781395e+01
  -1.0069515e+02   3.6416945e+01
  -9.5895629e+01   3.6738435e+01
  -9.8133825e+01   2.9547051e+01
  -1.0037655e+02   2.9315268e+01
  -1.0195053e+02   3.5523899e+01
  -9.5909811e+01   3.7617952e+01
  -9.7770377e+01   3.5713264e+01
  -9.9313000e+01   3.9145863e+01
  -1.0077329e+02   3.1801199e+01
  -9.5295816e+01   3.5193536e+01
  -9.8469430e+01   3.3580568e+01
  -9.8272244e+01   3.0558371e+01
  -9.8854901e+01   2.7453462e+01
  -1.0142906e+02   3.1339675e+01
  -9.5539290e+01   3.3902656e+01
  -9.5856456e+01   2.8695784e+01
  -9.8564132e+01   2.7251483e+01
  -9.4758299e+01   3.6499028e+01
  -1.0084697e+02   3.5231420e+01
  -9.5110157e+01   3.1130253e+01
  -9.7310874e+01   3.0097201e+01
  -9.8490848e+01   2.7549601e+01
  -9.9743549e+01   3.4005860e+01
  -9.7826440e+01   2.9130597e+01
  -9.7304355e+01   3.2390379e+01
  -1.0002193e+02   3.8413257e+01
  -1.0040098e+02   3.1187270e+01
  -9.5377338e+01   3.5517666e+01
  -9.4052061e+01   3.0151071e+01
  -1.0419027e+02   3.0514163e+01
  -1.0279634e+02   3.1174725e+01
  -1.0168687e+02   3.3216233e+01
  -9.9429443e+01   3.7546539e+01
  -1.0047897e+02   3.6549666e+01
  -1.0073880e+02   3.9110533e+01
  -1.0230302e+02   3.5348855e+01
  -9.5916126e+01   3.1791039e+01
  -9.6481006e+01   2.8984648e+01
  -1.0148536e+02   3.3344105e+01
  -1.0170763e+02   3.7160431e+01
  -9.7793388e+01   3.6122917e+01
  -9.5579996e+01   3.6180016e+01
  -9.5430716e+01   3.1848249e+01
  -9.9426967e+01   3.2074951e+01
  -9.7284117e+01   2.9622510e+01
  -1.0026533e+02   3.2685256e+01
  -9.5982164e+01   3.8348210e+01
  -9.5876947e+01   3.2263608e+01
  -9.4550419e+01   3.2728190e+01
  -1.0169594e+02   3.8336688e+01
  -9.4954051e+01   3.2607030e+01
  -1.0124026e+02   3.9060448e+01
  -9.8367190e+01   3.7559226e+01
  -1.0465928e+02   3.0336392e+01
  -1.0270981e+02   3.4699532e+01
  -9.7051704e+01   3.4189901e+01
  -9.6970920e+01   3.9775680e+01
  -9.7587518e+01   3.5896083e+01
  -1.0065092e+02   3.4153400e+01
  -9.7462522e+01   2.9739429e+01
  -9.5807748e+01   3.0447893e+01
  -9.7251841e+01   3.4208152e+01
  -9.6130778e+01   3.5193872e+01
  -9.4691609e+01   3.1900768e+01
  -1.0119328e+02   3.3272048e+01
  -1.0276469e+02   3.5644597e+01
  -9.7645783e+01   2.6676661e+01
  -9.5593289e+01   3.6327215e+01
  -9.7202459e+01   3.2159203e+01
  -9.9866105e+01   2.8245464e+01
  -9.4542080e+01   3.5752303e+01
  -9.5265991e+01   2.9149001e+01
  -1.0165849e+02   3.8538554e+01
  -1.0124580e+02   3.2802288e+01
  -9.5897473e+01   3.9567905e+01
  -1.0067213e+02   3.8606574e+01
  -9.4725217e+01   3.6075352e+01
  -9.6069275e+01   3.7606939e+01
  -9.5715382e+01   3.8450814e+01
  -1.0000453e+02   3.3387533e+01
  -1.0075315e+02   3.3429030e+01
  -9.7135985e+01   3.4477536e+01
  -9.8409794e+01   3.8026930e+01
  -1.0293766e+02   3.5332930e+01
  -9.9520988e+01   3.6095403e+01
  -9.6602653e+01   3.6299109e+01
  -9.8505564e+01   3.0481790e+01
  -9.7410176e+01   2.6850577e+01
  -9.4429542e+01   3.0948896e+01
  -9.8997559e+01   3.7833903e+01
  -1.0113110e+02   3.7786393e+01
  -9.7808423e+01   2.8650319e+01
  -9.6992079e+01   2.8850960e+01
  -9.5379510e+01   3.5742950e+01
  -1.0465479e+02   3.0760638e+01
  -9.8028182e+01   3.9037309e+01
  -9.7494584e+01   3.8588629e+01
  -1.0123359e+02   3.4358071e+01
  -1.0204094e+02   3.3840802e+01
  -1.0285528e+02   2.9455684e+01
  -1.0060900e+02   3.3825401e+01
  -1.0022427e+02   3.8119254e+01
  -9.7048673e+01   3.1206642e+01
  -1.0005262e+02   3.4046244e+01
  -1.0149299e+02   3.9562980e+01
  -9.7442807e+01   3.5172781e+01
  -1.0089856e+02   3.8984705e+01
  -9.8829247e+01   3.6641600e+01
  -9.6829102e+01   3.4190135e+01
  -1.0008820e+02   3.2301974e+01
  -9.9180953e+01   3.7179951e+01
  -9.7712249e+01   3.0145002e+01
  -1.0529290e+02   3.1242708e+01
  -1.0271500e+02   3.0996978e+01
  -9.6780327e+01   3.9965562e+01
  -9.5486173e+01   3.9284155e+01
  -1.0101253e+02   3.8939227e+01
  -9.6732849e+01   3.5274257e+01
  -1.0186076e+02   3.4053761e+01
  -9.4301858e+01   3.0528300e+01
  -9.4664730e+01   3.8419098e+01
  -1.0185372e+02   3.8497508e+01
  -9.9366140e+01   2.8474084e+01
  -9.4208571e+01   3.1076337e+01
  -9.7448687e+01   3.7540374e+01
  -9.6586664e+01   2.8555920e+01
  -1.0557467e+02   3.1792591e+01
  -9.7232451e+01   3.3801366e+01
  -1.0063851e+02   3.9487873e+01
  -1.0033387e+02   3.0683342e+01
  -9.8508155e+01   3.7774319e+01
  -1.0109064e+02   3.9245590e+01
  -9.8665043e+01   3.1857024e+01
  -9.9733546e+01   3.5498576e+01
  -1.0281340e+02   3.3091777e+01
  -9.9742963e+01   3.6053699e+01
  -9.7778403e+01   3.3922261e+01
  -1.0270702e+02   3.3911275e+01
  -1.0190530e+02   3.8798821e+01
  -9.8742113e+01   3.8499017e+01
  -9.5091530e+01   3.5494023e+01
  -9.7715184e+01   3.9895408e+01
  -1.0127706e+02   3.9454725e+01
  -9.7609479e+01   2.8781749e+01
  -9.8339075e+01   3.6641662e+01
  -1.0246803e+02   3.6488733e+01
  -9.8690452e+01   2.9728871e+01
  -9.6628485e+01   3.1495570e+01
  -9.7063998e+01   3.3276056e+01
  -9.4631269e+01   3.5433358e+01
  -1.0137783e+02   3.7741141e+01
  -9.8174938e+01   2.6719721e+01
  -9.9887903e+01   2.8077108e+01
  -9.8435028e+01   2.6817592e+01
  -9.6005241e+01   2.9049314e+01
  -9.4517186e+01   3.2895165e+01
  -9.6907923e+01   3.0352424e+01
  -9.4630474e+01   3.6232718e+01
  -9.6290898e+01   3.6214521e+01
  -9.5006961e+01   3.5732944e+01
  -1.0029821e+02   3.7271742e+01
  -1.0293792e+02   3.3383590e+01
  -9.4418905e+01   3.0133239e+01
  -9.6145523e+01   3.0294711e+01
  -9.9486866e+01   3.8799022e+01
  -1.0006565e+02   3.2549070e+01
  -9.9282156e+01   3.8744524e+01
  -9.8333326e+01   3.1336882e+01
  -9.7399602e+01   2.7482814e+01
  -9.8097089e+01   2.7001947e+01
  -9.5445573e+01   2.9558946e+01
  -9.4880705e+01   3.7120127e+01
  -1.0302535e+02   3.4941390e+01
  -1.0143842e+02   3.6832918e+01
  -1.0270223e+02   3.2170207e+01
  -1.0056363e+02   3.8503711e+01
  -9.5571229e+01   3.4294145e+01
  -1.0238009e+02   3.3138879e+01
  -1.0098096e+02   3.6049709e+01
  -9.6497333e+01   2.9214919e+01
  -1.0194318e+02   3.5207754e+01
  -9.8140855e+01   3.7122999e+01
  -1.0301033e+02   3.2460536e+01
  -9.9310188e+01   3.3316837e+01
  -1.0357031e+02   2.9253967e+01
  -1.0153718e+02   3.8894660e+01
  -9.4816231e+01   3.5098387e+01
  -9.9586206e+01   3.3073045e+01
  -9.8353637e+01   3.9125248e+01
  -9.7331081e+01   3.1208869e+01
  -1.0205448e+02   3.5400406e+01
  -1.0045391e+02   3.1751840e+01
  -1.0185928e+02   3.1862118e+01
  -9.6384651e+01   3.5043334e+01
  -9.5155362e+01   3.7435048e+01
  -1.0103063e+02   3.3583159e+01
  -9.9763103e+01   3.0178476e+01
  -9.5779770e+01   3.3558976e+01
  -1.0046248e+02   3.9706667e+01
  -9.8874657e+01   3.7048164e+01
  -1.0323631e+02   3.0589610e+01
  -1.0068330e+02   3.2304253e+01
  -9.5760694e+01   3.1597663e+01
  -1.0088407e+02   3.3842311e+01
  -9.9967297e+01   3.4999821e+01
  -9.8030390e+01   3.3346770e+01
  -9.9463620e+01   2.8783732e+01
  -1.0012939e+02   3.9288715e+01
  -9.6320599e+01   2.8689110e+01
  -9.8429874e+01   3.6887031e+01
  -1.0168416e+02   3.2843211e+01
  -1.0007244e+02   3.3163643e+01
  -9.6697873e+01   3.0714660e+01
  -1.0101172e+02   3.5674575e+01
  -9.7772328e+01   3.3406024e+01
  -1.0261703e+02   3.2088637e+01
  -9.8895553e+01   3.0692534e+01
  -9.8333931e+01   2.8114068e+01
  -9.6430795e+01   3.1656769e+01
  -9.9011944e+01   2.7804633e+01
  -9.4015059e+01   3.0385388e+01
  -1.0255257e+02   3.2698937e+01
  -9.4284808e+01   3.0807342e+01
  -9.9989288e+01   2.8895882e+01
  -1.0030447e+02   3.4889352e+01
  -1.0089533e+02   3.1595542e+01
  -1.0046356e+02   3.7034642e+01
  -1.0133581e+02   3.8331683e+01
  -9.9791412e+01   3.9640437e+01
  -1.0199821e+02   3.7235902e+01
  -9.9744876e+01   3.9413192e+01
  -1.0071519e+02   3.1015733e+01
  -9.5990158e+01   3.6494942e+01
  -9.8814467e+01   2.8049677e+01
  -9.5214693e+01   3.4261915e+01
  -9.6925724e+01   3.1662278e+01
  -1.0608026e+02   3.1618789e+01
  -9.4022785e+01   2.9712943e+01
  -1.0153389e+02   3.0387380e+01
  -9.9420079e+01   2.9279587e+01
  -1.0229972e+02   3.6350029e+01
  -9.7225381e+01   3.3351650e+01
  -1.0259620e+02   3.1211081e+01
  -1.0014181e+02   3.4191475e+01
  -9.6685975e+01   2.9550528e+01
  -9.5422613e+01   3.8856351e+01
  -9.6452742e+01   3.1080713e+01
  -1.0048769e+02   3.2559010e+01
  -9.6262520e+01   3.2531341e+01
  -1.0188944e+02   3.3625373e+01
  -1.0107975e+02   3.8672050e+01
  -9.4949370e+01   3.6736409e+01
  -9.6733754e+01   3.6559012e+01
  -1.0247918e+02   3.3029072e+01
  -9.9868604e+01   2.8784760e+01
  -9.5375860e+01   3.1304095e+01
  -9.7932074e+01   2.6252721e+01
  -9.9477758e+01   3.3385265e+01
  -1.0213997e+02   3.1357157e+01
  -9.6340167e+01   3.6831618e+01
  -9.8007228e+01   3.8609680e+01
  -1.0157669e+02   3.7895548e+01
  -9.9236170e+01   3.0325264e+01
  -1.0013447e+02   3.0182402e+01
  -9.9076388e+01   2.8279343e+01
  -9.9506396e+01   2.8917298e+01
  -9.6909367e+01   2.9336362e+01
  -1.0003619e+02   3.0244550e+01
  -9.9666511e+01   3.9553240e+01
  -9.5921212e+01   3.8844480e+01
  -1.0242852e+02   3.2863418e+01
  -9.5662871e+01   3.8963262e+01
  -9.7908037e+01   3.3249612e+01
  -1.0144575e+02   3.7608736e+01
  -9.8658668e+01   3.0746300e+01
  -9.5033242e+01   3.1365220e+01
  -1.0046896e+02   3.2446271e+01
  -1.0128596e+02   3.0350822e+01
  -1.0125300e+02   3.0994421e+01
  -9.9736227e+01   3.1083904e+01
  -9.9896111e+01   3.8318816e+01
  -9.5832249e+01   3.3192033e+01
  -9.4716359e+01   3.2412641e+01
  -9.4983278e+01   3.3748912e+01
  -9.6022856e+01   3.2643206e+01
  -1.0197580e+02   3.7006042e+01
  -1.0031697e+02   2.8680238e+01
  -9.7036997e+01   3.4681707e+01
  -9.7566646e+01   2.8001892e+01
  -1.0299051e+02   3.1692364e+01
  -1.0239001e+02   3.6071000e+01
  -9.4304319e+01   3.3457322e+01
  -9.7415330e+01   3.7343630e+01
  -9.9216409e+01   3.6584450e+01
  -9.7567136e+01   2.8650063e+01
  -1.0207540e+02   3.2255970e+01
  -9.8985939e+01   3.3869636e+01
  -9.7613249e+01   3.5498100e+01
  -9.8866797e+01   3.8336092e+01
  -9.9727864e+01   3.8415756e+01
  -9.8218762e+01   3.1221488e+01
  -9.6728281e+01   3.0450378e+01
  -9.8227376e+01   2.6887947e+01
  -9.6743788e+01   3.3294091e+01
  -1.0004956e+02   3.7095361e+01
  -9.4857780e+01   3.8506221e+01
  -1.0270782e+02   3.4890483e+01
  -1.0111027e+02   3.7940382e+01
  -9.8576052e+01   3.6326611e+01
  -9.5457667e+01   3.3681780e+01
  -9.7093548e+01   3.4336380e+01
  -9.9504613e+01   3.6550057e+01
  -9.6026577e+01   3.9284937e+01
  -1.0013008e+02   3.0534299e+01
  -1.0009272e+02   3.7370303e+01
  -9.7925013e+01   2.6421399e+01
  -9.7050207e+01   3.8955261e+01
  -9.6791742e+01   3.1039474e+01
  -1.0182913e+02   3.6914165e+01
  -9.5004447e+01   3.4712047e+01
  -9.6298149e+01   3.0779449e+01
  -9.8955687e+01   3.6549850e+01
  -9.6775779e+01   3.4493905e+01
  -9.7953038e+01   2.9725179e+01
  -9.5985059e+01   3.3264732e+01
  -9.4965917e+01   3.6875171e+01
  -1.0029339e+02   3.8525241e+01
  -1.0105551e+02   3.0207335e+01
  -9.7416064e+01   2.8998064e+01
  -9.9147181e+01   3.0076556e+01
  -9.7211097e+01   3.3992781e+01
  -9.9577478e+01   3.9082006e+01
  -1.0097124e+02   3.4366305e+01
  -1.0160051e+02   3.8442214e+01
  -1.0218417e+02   3.2502687e+01
  -9.7330331e+01   2.9974706e+01
  -1.0185337e+02   3.7870659e+01
  -9.5894588e+01   3.4438612e+01
  -9.6570204e+01   3.8798868e+01
  -1.0025193e+02   2.9630977e+01
  -9.6990691e+01   3.9447385e+01
  -9.9020311e+01   3.8490786e+01
  -9.7645646e+01   2.6893786e+01
  -9.7690670e+01   2.6111991e+01
  -1.0051968e+02   3.5386154e+01
  -9.7352885e+01   3.2282012e+01
  -9.8380570e+01   3.0310771e+01
  -1.0205346e+02   2.9949249e+01
  -1.0247591e+02   3.6229893e+01
  -1.0129026e+02   3.0539325e+01
  -9.9213799e+01   3.5538668e+01
  -1.0128099e+02   2.9791315e+01
  -9.6946689e+01   2.8604867e+01
  -1.0242523e+02   3.2407873e+01
  -1.0042092e+02   3.4698625e+01
  -9.6233377e+01   3.4498439e+01
  -1.0169885e+02   3.7360388e+01
  -1.0305642e+02   3.1435544e+01
  -9.8453888e+01   3.5504047e+01
  -9.9072822e+01   3.3750240e+01
  -9.4790042e+01   3.3236535e+01
  -9.6381309e+01   3.0182326e+01
  -9.9108572e+01   3.5125096e+01
  -9.6527420e+01   2.8741054e+01
  -9.9700066e+01   2.9702473e+01
  -9.6016594e+01   3.1611684e+01
  -9.7680890e+01   2.9120960e+01
  -1.0203076e+02   3.1981380e+01
  -1.0268401e+02   3.2609221e+01
  -9.6053177e+01   3.1325041e+01
  -1.0079519e+02   3.6103185e+01
  -1.0056416e+02   3.8278059e+01
  -9.4753802e+01   2.9904642e+01
  -9.8458552e+01   2.9087318e+01
  -9.9077116e+01   2.7605984e+01
  -1.0003146e+02   2.9221541e+01
  -1.0222767e+02   3.3877692e+01
  -1.0298160e+02   3.2916082e+01
  -1.0206138e+02   3.5961094e+01
  -9.7630502e+01   3.2455054e+01
  -1.0060682e+02   3.9263576e+01
  -9.7658753e+01   3.9453785e+01
  -9.9217123e+01   3.9932594e+01
  -9.7452737e+01   3.4279309e+01
  -9.6944467e+01   3.3255107e+01
  -9.7325869e+01   2.6574725e+01
  -1.0250173e+02   3.4018286e+01
  -9.6561405e+01   3.3503340e+01
  -1.0180155e+02   3.6295128e+01
  -9.6536628e+01   3.3322122e+01
  -9.7664762e+01   3.9233151e+01
  -9.9039618e+01   2.8949042e+01
  -9.4635068e+01   3.3712927e+01
  -1.0268467e+02   3.5125241e+01
  -1.0205955e+02   3.5037590e+01
  -1.0297263e+02   3.3099083e+01
  -9.8995603e+01   3.6752862e+01
  -1.0108748e+02   3.1011474e+01
  -1.0340073e+02   2.9298666e+01
  -9.5514304e+01   3.6003782e+01
  -9.6306393e+01   3.2909574e+01
  -1.0247169e+02   2.9969862e+01
  -1.0187975e+02   3.9280756e+01
  -9.9211572e+01   3.6133432e+01
  -1.0202927e+02   3.4098862e+01
  -9.5373959e+01   3.2078449e+01
  -9.5215701e+01   3.3396719e+01
  -1.0001607e+02   3.8711295e+01
  -1.0020768e+02   3.9711911e+01
  -1.0015633e+02   3.8862726e+01
  -9.6059922e+01   3.6853011e+01
  -9.5786333e+01   3.4290735e+01
  -1.0116506e+02   3.2626744e+01
  -1.0023962e+02   3.9866712e+01
  -9.7324628e+01   2.9245237e+01
  -9.3668664e+01   3.1044746e+01
  -9.7991301e+01   3.5726513e+01
  -1.0376789e+02   2.9791457e+01
  -9.8880274e+01   3.1578001e+01
  -9.7572720e+01   2.9052527e+01
  -9.9039154e+01   3.7526619e+01
  -9.9597541e+01   3.8390444e+01
  -9.4459853e+01   3.3501766e+01
  -1.0124208e+02   3.5736176e+01
  -1.0110118e+02   3.6607082e+01
  -9.4877113e+01   3.2327944e+01
  -9.9434459e+01   3.1397573e+01
  -9.5017668e+01   3.3561025e+01
  -1.0053640e+02   3.3372282e+01
  -9.7510640e+01   3.5012686e+01
  -9.6213706e+01   3.0053467e+01
  -1.0123481e+02   3.5531754e+01
  -1.0424966e+02   3.0000249e+01
  -1.0109157e+02   3.9386481e+01
  -9.4588784e+01   3.4083582e+01
  -9.8375231e+01   3.4806152e+01
  -9.8755355e+01   3.9974847e+01
  -9.5597336e+01   3.2806712e+01
  -1.0166427e+02   3.3716161e+01
  -1.0237422e+02   3.0191012e+01
  -9.8152028e+01   2.6570890e+01
  -9.7416460e+01   2.8761571e+01
  -9.6056529e+01   3.5334259e+01
  -9.6786203e+01   3.0144173e+01
  -9.8408714e+01   2.9939824e+01
  -1.0293933e+02   3.2034900e+01
  -9.4518350e+01   3.2015856e+01
  -9.4580070e+01   3.5902905e+01
  -9.8800331e+01   3.7170296e+01
  -9.8580537e+01   3.2994996e+01
  -9.6293083e+01   3.7714459e+01
  -1.0320249e+02   3.1236003e+01
  -9.9176692e+01   3.0529304e+01
  -1.0316179e+02   2.9711057e+01
  -9.7848629e+01   3.9588401e+01
  -9.9683024e+01   3.3843562e+01
  -9.7904885e+01   3.0506682e+01
  -1.0002317e+02   2.9926541e+01
  -9.6899554e+01   3.4027658e+01
  -9.9830466e+01   3.8963438e+01
  -9.4265922e+01   3.2873253e+01
  -9.7335458e+01   3.3083541e+01
  -1.0084694e+02   3.8399579e+01
  -1.0229905e+02   3.6956450e+01
  -1.0180464e+02   3.3809443e+01
  -9.7652913e+01   3.0559537e+01
  -9.5305319e+01   3.0265220e+01
  -9.4767699e+01   3.2617890e+01
  -9.7698401e+01   3.6250904e+01
  -1.0017817e+02   3.9444799e+01
  -1.0038902e+02   3.9386167e+01
  -1.0128457e+02   3.6171056e+01
  -9.5046396e+01   3.0934020e+01
  -9.7459139e+01   3.0800336e+01
  -9.5631179e+01   3.9216456e+01
  -1.0147829e+02   3.7208780e+01
  -9.8331287e+01   2.7211821e+01
  -9.7205400e+01   3.9930401e+01
  -9.5506666e+01   3.0899620e+01
  -9.5695071e+01   3.7329642e+01
  -9.4847894e+01   3.5323825e+01
  -1.0098347e+02   3.8242307e+01
  -9.8568408e+01   3.4148127e+01
  -9.8718169e+01   3.5082524e+01
  -9.5051155e+01   3.1682492e+01
  -9.7958006e+01   3.2608666e+01
  -9.9630395e+01   3.6745307e+01
  -9.8865718e+01   3.0013670e+01
  -1.0186721e+02   3.8631961e+01
  -1.0057038e+02   3.6139931e+01
  -1.0246758e+02   3.5729317e+01
  -9.7623214e+01   3.7871884e+01
  -1.0185483e+02   3.4315795e+01
  -9.8935165e+01   3.9788372e+01
  -1.0023065e+02   3.1552847e+01
  -9.9930919e+01   3.2772710e+01
  -9.7505868e+01   2.9978336e+01
  -9.7649292e+01   3.1258165e+01
  -1.0038812e+02   3.1861625e+01
  -9.7023776e+01   2.9790869e+01
  -9.6374899e+01   2.9769714e+01
  -1.0237743e+02   2.9906898e+01
  -9.9311982e+01   3.5298835e+01
  -9.8827807e+01   3.0557052e+01
  -1.0326253e+02   3.1445950e+01
  -9.8250837e+01   3.5907551e+01
  -1.0069659e+02   3.5702716e+01
  -9.5594404e+01   3.0517249e+01
  -9.7258038e+01   2.8544579e+01
  -1.0202655e+02   3.1108853e+01
  -9.8411583e+01   2.7865493e+01
  -1.0047864e+02   3.5224214e+01
  -9.7126931e+01   2.8401295e+01
  -9.6644648e+01   3.2683089e+01
  -1.0148649e+02   3.9215222e+01
  -9.6544956e+01   3.0184741e+01
  -9.7853314e+01   3.3539089e+01
  -1.0011449e+02   3.5567467e+01
  -1.0144793e+02   3.9008598e+01
  -1.0281894e+02   3.3593387e+01
  -9.8173299e+01   3.3634100e+01
  -9.9906263e+01   3.7278017e+01
  -9.9639629e+01   3.7703821e+01
  -9.5543625e+01   3.1461406e+01
  -1.0571493e+02   3.1502385e+01
  -9.7711648e+01   2.7815507e+01
  -1.0421699e+02   2.9605042e+01
  -9.7218359e+01   3.5725311e+01
  -9.9017122e+01   3.2193436e+01
  -1.0223677e+02   3.3556499e+01
  -9.7677369e+01   3.6729904e+01
  -1.0014898e+02   2.9425692e+01
  -1.0019525e+02   3.6967127e+01
  -9.5757376e+01   3.6590624e+01
  -9.5310050e+01   3.9491729e+01
  -9.9249304e+01   3.4441832e+01
  -9.6517499e+01   3.2072638e+01
  -1.0232152e+02   3.1250321e+01
  -9.6448214e+01   3.2603832e+01
  -9.5796262e+01   3.8099165e+01
  -9.6833670e+01   3.2553433e+01
  -9.7918770e+01   3.9872053e+01
  -1.0027539e+02   3.8674623e+01
  -9.3809688e+01   3.1306304e+01
  -9.4535253e+01   3.2467903e+01
  -1.0139728e+02   3.9857779e+01
  -9.9386085e+01   2.8838496e+01
  -1.0053593e+02   3.4760042e+01
  -9.7631451e+01   3.2079291e+01
  -9.5794150e+01   3.6973166e+01
  -1.0427667e+02   3.1911780e+01
  -1.0055155e+02   3.0271751e+01
  -9.8917193e+01   3.2600893e+01
  -9.9326408e+01   3.7916154e+01
  -1.0448180e+02   3.1546697e+01
  -9.5321525e+01   3.7802236e+01
  -9.6516838e+01   3.5677280e+01
  -9.5730190e+01   3.0630173e+01
  -9.8312517e+01   3.0701834e+01
  -1.0013827e+02   3.6039569e+01
  -9.5647180e+01   2.8833649e+01
  -9.5257752e+01   2.9766046e+01
  -9.7654200e+01   2.8945389e+01
  -9.5177163e+01   3.0737546e+01
  -9.9438424e+01   2.8299793e+01
  -9.4777766e+01   3.4856962e+01
  -9.8480352e+01   3.7318434e+01
  -9.9863306e+01   2.9802482e+01
  -9.9278813e+01   3.3639361e+01
  -9.6700627e+01   3.8937601e+01
  -9.6016577e+01   3.0518260e+01
  -1.0024322e+02   3.7801387e+01
  -9.5094489e+01   3.3079189e+01
  -1.0191016e+02   3.8354608e+01
  -9.8862970e+01   2.8301167e+01
  -1.0266092e+02   3.0178258e+01
  -1.0047581e+02   3.5031243e+01
  -9.5319807e+01   3.3143407e+01
  -1.0097764e+02   3.9823751e+01
  -1.0235152e+02   3.4419519e+01
  -1.0219408e+02   3.0615497e+01
  -9.6679242e+01   3.8180923e+01
  -9.5347062e+01   3.4762550e+01
  -9.7063441e+01   3.2813971e+01
  -9.7442178e+01   3.9690695e+01
  -1.0375895e+02   3.0692521e+01
  -9.9896178e+01   3.4735128e+01
  -1.0295271e+02   3.6243338e+01
  -9.7511669e+01   3.6213468e+01
  -1.0304967e+02   3.0080822e+01
  -9.7738475e+01   3.0383008e+01
  -9.5004474e+01   3.3364055e+01
  -1.0274774e+02   3.4075995e+01
  -9.5801608e+01   3.9317262e+01
  -1.0227446e+02   3.3337210e+01
  -1.0149903e+02   3.0570535e+01
  -9.8471425e+01   3.0711965e+01
  -9.4264254e+01   3.1795754e+01
  -1.0070276e+02   3.4696689e+01
  -9.7052715e+01   3.0723363e+01
  -1.0043202e+02   3.7965215e+01
  -9.9254892e+01   3.1491627e+01
  -9.8932689e+01   3.2332868e+01
  -9.6055870e+01   3.7769961e+01
  -1.0093787e+02   3.8692348e+01
  -9.7169242e+01   3.8937323e+01
  -9.5461153e+01   3.0659587e+01
  -9.6715952e+01   3.2872418e+01
  -9.8713031e+01   3.5624870e+01
  -9.8236781e+01   3.9539010e+01
  -9.9731370e+01   3.5831344e+01
  -9.7265291e+01   3.8694838e+01
  -1.0457531e+02   3.0481771e+01
  -1.0146986e+02   3.8414108e+01
  -9.8307110e+01   3.2041579e+01
  -1.0161190e+02   3.1921192e+01
  -9.9842570e+01   3.7857679e+01
  -9.6983470e+01   3.2006441e+01
  -9.9278870e+01   3.2023318e+01
  -9.7223294e+01   2.7798499e+01
  -1.0280530e+02   3.2501430e+01
  -9.6994149e+01   3.9206460e+01
  -9.8622234e+01   2.6967450e+01
  -9.7315518e+01   3.8012194e+01
  -9.7927707e+01   3.9064960e+01
  -9.8074492e+01   3.3790989e+01
  -1.0270150e+02   3.3506873e+01
  -9.8395076e+01   3.3190161e+01
  -9.9431979e+01   3.2367575e+01
  -9.5190396e+01   3.3810848e+01
  -9.8789939e+01   3.2054831e+01
  -9.7125648e+01   3.9551418e+01
  -9.8940285e+01   3.5343326e+01
  -9.5712579e+01   3.5617266e+01
  -9.5915894e+01   3.3066883e+01
  -9.7433583e+01   2.7855204e+01
  -9.6251711e+01   3.8964726e+01
  -1.0080477e+02   3.9367844e+01
  -1.0250478e+02   3.0847777e+01
  -1.0033131e+02   3.6183868e+01
  -9.5378695e+01   3.2844178e+01
  -9.6028698e+01   2.9398870e+01
  -9.7539672e+01   3.1738152e+01
  -1.0297778e+02   3.4695307e+01
  -1.0074320e+02   3.6634833e+01
  -9.5107724e+01   3.1329913e+01
  -9.9484771e+01   3.8022743e+01
  -1.0345474e+02   3.1779849e+01
  -9.5696255e+01   3.9961044e+01
  -9.7943979e+01   3.1970779e+01
  -1.0095441e+02   3.7001881e+01
  -1.0125518e+02   3.0765191e+01
  -9.6537963e+01   3.9118929e+01
  -9.5202974e+01   3.9207463e+01
  -9.9474906e+01   3.3696049e+01
  -9.4845505e+01   3.4042270e+01
  -1.0013648e+02   3.4379481e+01
  -9.8025793e+01   3.7459340e+01
  -9.6030596e+01   2.8673746e+01
  -9.8984631e+01   3.1994286e+01
  -1.0261314e+02   3.2847917e+01
  -1.0018490e+02   3.5208775e+01
  -1.0167643e+02   3.5074576e+01
  -9.4177973e+01   3.2521293e+01
  -9.8717078e+01   3.7136193e+01
  -9.8265449e+01   2.7957076e+01
  -9.5585406e+01   3.8028697e+01
  -1.0330500e+02   2.9122091e+01
  -1.0278031e+02   3.6713388e+01
  -9.5970304e+01   3.4874779e+01
  -9.9398867e+01   3.5667262e+01
  -1.0137010e+02   3.7446311e+01
  -9.8041872e+01   2.9168203e+01
  -9.6152843e+01   3.4226508e+01
  -9.8114603e+01   2.8719610e+01
  -9.5782293e+01   3.5511565e+01
  -1.0129231e+02   3.6557072e+01
  -1.0036581e+02   3.8330741e+01
  -1.0200184e+02   3.9589399e+01
  -1.0166775e+02   3.5485822e+01
  -9.6789026e+01   2.9415201e+01
  -9.8338503e+01   2.8540792e+01
  -9.8111343e+01   3.6073361e+01
  -9.6947418e+01   3.0818494e+01
  -9.7485827e+01   3.5676437e+01
  -1.0106911e+02   3.6825314e+01
  -9.7457924e+01   3.9457291e+01
  -9.8086760e+01   3.9792181e+01
  -1.0452432e+02   3.1799695e+01
  -9.9273945e+01   3.4079661e+01
  -9.5661120e+01   3.4003609e+01
  -9.7303140e+01   2.8121708e+01
  -1.0331172e+02   3.0107296e+01
  -1.0167487e+02   3.9035131e+01
  -1.0404015e+02   3.0838845e+01
  -1.0040329e+02   3.3215441e+01
  -9.8466412e+01   3.2576540e+01
  -1.0090292e+02   3.1092339e+01
  -1.0003967e+02   3.9962879e+01
  -9.8677467e+01   2.7672041e+01
  -9.7028342e+01   3.6436890e+01
  -9.9362533e+01   3.1702915e+01
  -9.6770602e+01   3.6048361e+01
  -9.5222255e+01   3.2846508e+01
  -9.8451618e+01   3.5963206e+01
  -1.0093638e+02   3.7952867e+01
  -1.0296165e+02   3.2728225e+01
  -9.9447331e+01   3.6964501e+01
  -9.4552440e+01   3.3859960e+01
  -9.7598271e+01   2.8175613e+01
  -9.6666593e+01   3.5810887e+01
  -9.9781020e+01   3.6473763e+01
  -1.0186169e+02   3.0648656e+01
  -1.0105201e+02   3.2200540e+01
  -1.0094837e+02   3.4725797e+01
  -9.4650965e+01   3.1439275e+01
  -9.8365825e+01   3.7048366e+01
  -9.8741002e+01   3.2533672e+01
  -9.6536432e+01   2.9481765e+01
  -1.0159489e+02   3.5736849e+01
  -9.8997481e+01   2.9863366e+01
  -9.9580301e+01   2.8857183e+01
  -9.8979145e+01   2.9435323e+01
  -9.8724873e+01   3.3990487e+01
  -9.7911535e+01   2.7744293e+01
  -9.6933784e+01   2.8413914e+01
  -9.9997779e+01   3.0977447e+01
  -9.6148430e+01   2.9766787e+01
  -9.6609827e+01   3.8538445e+01
  -1.0184827e+02   3.1685479e+01
  -9.7142231e+01   3.0155539e+01
  -1.0079177e+02   3.3997674e+01
  -1.0057133e+02   3.1045747e+01
  -9.9126196e+01   3.1774351e+01
  -1.0305063e+02   3.0823455e+01
  -9.7785988e+01   2.9932005e+01
  -9.9242134e+01   2.8132974e+01
  -1.0107203e+02   3.3940221e+01
  -9.4956703e+01   3.5968703e+01
  -9.5796162e+01   3.4109508e+01
  -9.7499889e+01   2.6120692e+01
  -9.8808837e+01   2.7710303e+01
  -9.6158337e+01   3.1403722e+01
  -9.9864108e+01   3.8139630e+01
  -9.7935500e+01   3.5172068e+01
  -9.9278592e+01   3.2781360e+01
  -1.0161320e+02   3.6637966e+01
  -9.5344940e+01   2.8979974e+01
  -9.5402582e+01   3.0472968e+01
  -9.6609505e+01   3.7161006e+01
  -9.6377524e+01   2.9968750e+01
  -9.8494766e+01   2.9675278e+01
  -9.6887759e+01   2.8264585e+01
  -9.7504468e+01   3.2883972e+01
  -9.8686708e+01   3.7356075e+01
  -9.9165754e+01   3.8286800e+01
  -9.7811473e+01   2.7978523e+01
  -9.5738497e+01   3.0935973e+01
  -1.0099636e+02   3.0816725e+01
  -1.0176986e+02   3.2475373e+01
  -9.9867405e+01   3.9458523e+01
  -9.7798001e+01   3.1043498e+01
  -9.8409273e+01   2.6897433e+01
  -9.9141894e+01   3.2448253e+01
  -9.5103966e+01   3.8812984e+01
  -1.0580590e+02   3.1922991e+01
  -1.0111323e+02   3.8226630e+01
  -1.0146996e+02   3.1984631e+01
  -9.6240022e+01   2.9842252e+01
  -9.9047769e+01   3.4286044e+01
  -1.0195571e+02   3.8018968e+01
  -9.7314727e+01   2.6094931e+01
  -1.0005016e+02   3.1927413e+01
  -9.9860381e+01   3.3805314e+01
  -9.3816928e+01   3.0419281e+01
  -9.8808605e+01   2.9016867e+01
  -1.0370443e+02   3.0593754e+01
  -9.7407658e+01   3.8394925e+01
  -9.7561555e+01   3.7270447e+01
  -9.6356303e+01   3.8781399e+01
  -1.0384196e+02   2.9917867e+01
  -9.6624661e+01   3.3170900e+01
  -1.0297844e+02   3.2263151e+01
  -1.0025610e+02   2.9107517e+01
  -9.7039291e+01   3.3688208e+01
  -1.0315234e+02   3.0298253e+01
  -9.8871821e+01   3.9472391e+01
  -9.5195934e+01   3.9864036e+01
  -9.8813904e+01   3.0898787e+01
  -9.5027896e+01   3.4024045e+01
  -9.4206294e+01   3.3080618e+01
  -9.4040604e+01   2.9871244e+01
  -9.9558642e+01   2.8660325e+01
  -1.0132734e+02   3.6348712e+01
  -9.6839799e+01   3.7993097e+01
  -1.0082449e+02   3.8153359e+01
  -9.5170453e+01   3.7274345e+01
  -9.6398949e+01   3.8604199e+01
  -9.6232467e+01   3.6445676e+01
  -1.0035952e+02   3.2988380e+01
  -9.7928948e+01   3.1525363e+01
  -9.5864790e+01   3.2675487e+01
  -1.0003384e+02   3.1576835e+01
  -1.0272323e+02   3.5420991e+01
  -9.5993095e+01   2.9721651e+01
  -9.9118445e+01   3.5848372e+01
  -1.0064649e+02   3.0724385e+01
  -1.0287975e+02   3.5870572e+01
  -9.9770285e+01   2.9924700e+01
  -9.9202967e+01   2.7173264e+01
  -9.4705166e+01   3.7190544e+01
  -9.9229095e+01   2.8878758e+01
  -9.9071469e+01   2.6749724e+01
  -9.9844707e+01   3.2517133e+01
  -9.8534861e+01   3.1612769e+01
  -9.8278623e+01   3.8955117e+01
  -9.9640598e+01   3.3208998e+01
  -9.9631250e+01   3.1643428e+01
  -9.9453264e+01   2.8032909e+01
  -1.0072407e+02   3.1362291e+01
  -9.9236572e+01   3.6980255e+01
  -9.6880805e+01   2.8078561e+01
  -9.9983306e+01   3.0709004e+01
  -1.0159546e+02   3.8152307e+01
  -9.9051369e+01   3.4853964e+01
  -9.8178416e+01   2.7142980e+01
  -1.0087827e+02   2.9960478e+01
  -9.7789222e+01   2.9764918e+01
  -9.5838754e+01   3.1489966e+01
  -1.0382891e+02   3.0125828e+01
  -9.7906383e+01   3.3025329e+01
  -1.0280518e+02   3.6353443e+01
  -9.9398081e+01   3.8991323e+01
  -1.0191905e+02   3.6117177e+01
  -9.8495509e+01   2.6618851e+01
  -9.9393899e+01   2.7340869e+01
  -9.9649324e+01   3.0418930e+01
  -9.8290617e+01   2.6285180e+01
  -9.8479832e+01   3.9944022e+01
  -9.6987821e+01   3.5832727e+01
  -1.0121918e+02   3.4679086e+01
  -9.7509898e+01   3.0584066e+01
  -1.0186447e+02   3.2844165e+01
  -9.9111551e+01   3.5373580e+01
  -1.0168379e+02   3.8764007e+01
  -1.0067972e+02   3.5829375e+01
  -9.9462308e+01   3.6703492e+01
  -1.0286644e+02   2.9697717e+01
  -9.8791597e+01   2.9428184e+01
  -9.9713228e+01   3.7947885e+01
  -9.9249981e+01   3.4231592e+01
  -1.0244996e+02   3.5575350e+01
  -1.0057970e+02   3.2839487e+01
  -1.0094389e+02   3.7203409e+01
  -9.5978670e+01   3.4075237e+01
  -9.7855888e+01   2.9333783e+01
  -9.4307666e+01   2.9683136e+01
  -9.9790202e+01   2.8443029e+01
  -1.0550289e+02   3.1199081e+01
  -1.0001910e+02   3.6191210e+01
  -9.8289179e+01   2.9644010e+01
  -1.0153811e+02   3.5412833e+01
  -1.0183319e+02   3.0210739e+01
  -1.0037417e+02   3.2283362e+01
  -9.5927918e+01   3.5645595e+01
  -9.6595106e+01   3.2959713e+01
  -9.5525122e+01   2.9130543e+01
  -1.0298703e+02   3.5977668e+01
  -9.6708873e+01   2.8244477e+01
  -9.7671934e+01   3.2799932e+01
  -9.7539264e+01   3.9979874e+01
  -9.4720204e+01   3.2208802e+01
  -9.8484324e+01   3.8168214e+01
  -9.9099559e+01   2.8032264e+01
  -9.8819774e+01   3.6868815e+01
  -1.0513248e+02   3.1925567e+01
  -9.4381990e+01   2.9775154e+01
  -1.0359051e+02   2.9519916e+01
  -1.0047954e+02   3.6299827e+01
  -1.0440323e+02   3.0341322e+01
  -9.7602975e+01   3.3151379e+01
  -9.7201185e+01   3.6228730e+01
  -9.6871660e+01   2.9666484e+01
  -9.8826218e+01   3.3021611e+01
  -9.9218401e+01   3.8502196e+01
  -9.7870022e+01   3.1357899e+01
  -9.5973743e+01   3.0232212e+01
  -9.7820311e+01   2.8756051e+01
  -9.8785226e+01   2.9581725e+01
  -1.0222651e+02   3.5109326e+01
  -9.8083900e+01   3.1734637e+01
  -9.8662901e+01   2.8512103e+01
  -1.0190489e+02   3.7108746e+01
  -1.0000076e+02   3.7498083e+01
  -1.0255597e+02   3.6888629e+01
  -9.5802568e+01   3.2443029e+01
  -9.8074709e+01   2.8920151e+01
  -9.6472772e+01   3.9876028e+01
  -1.0253881e+02   3.4632110e+01
  -9.7962279e+01   3.8185184e+01
  -1.0176045e+02   3.6504580e+01
  -1.0070663e+02   3.0631597e+01
  -9.8584621e+01   2.6517265e+01
  -9.6422870e+01   3.6347889e+01
  -1.0595388e+02   3.1525703e+01
  -9.6856594e+01   3.9344006e+01
  -9.6892527e+01   3.7347602e+01
  -9.6381176e+01   2.8460283e+01
  -9.9132086e+01   3.9708518e+01
  -9.7824575e+01   3.4514035e+01
  -9.6626066e+01   3.2262402e+01
  -9.4864873e+01   3.5546480e+01
  -9.6894571e+01   3.3079698e+01
  -9.6572415e+01   3.4806211e+01
  -9.9824750e+01   2.9341259e+01
  -1.0105144e+02   3.4168035e+01
  -9.7728666e+01   2.8211225e+01
  -9.5891658e+01   3.7282021e+01
  -1.0121257e+02   3.9704382e+01
  -9.3687852e+01   3.0763414e+01
  -1.0029400e+02   3.3754398e+01
  -9.8004865e+01   3.2793580e+01
  -1.0081893e+02   3.6421024e+01
  -9.9726126e+01   2.9453085e+01
  -9.8310441e+01   3.9702436e+01
  -9.7883920e+01   3.7317116e+01
  -9.7535349e+01   3.4370462e+01
  -9.6619701e+01   2.9758758e+01
  -9.5135721e+01   3.0969041e+01
  -9.5265811e+01   3.9938191e+01
  -9.8729846e+01   3.3210745e+01
  -9.4162714e+01   3.2753952e+01
  -9.8622311e+01   3.2790795e+01
  -1.0612327e+02   3.1824664e+01
  -9.9622762e+01   3.2443427e+01
  -1.0413339e+02   3.1637872e+01
  -9.8762709e+01   2.7578890e+01
  -9.7663902e+01   3.7011418e+01
  -9.8521670e+01   2.9285942e+01
  -1.0215745e+02   3.4426444e+01
  -9.8352254e+01   3.0925666e+01
  -1.0219354e+02   3.4634873e+01
  -9.8548774e+01   2.8913498e+01
  -9.6248860e+01   3.9869129e+01
  -1.0122729e+02   3.7090198e+01
  -9.8642529e+01   3.3409735e+01
  -1.0117999e+02   3.8034007e+01
  -1.0275782e+02   3.0756053e+01
  -9.8295713e+01   3.3809403e+01
  -9.6778456e+01   3.9064099e+01
  -9.8541857e+01   3.5122769e+01
  -9.5244773e+01   3.2714227e+01
  -9.5224470e+01   3.1185049e+01
  -9.7433679e+01   2.7627833e+01
  -9.9904886e+01   3.4328368e+01
  -1.0170957e+02   3.3596768e+01
  -9.8890529e+01   2.6643225e+01
  -9.8259069e+01   3.8470118e+01
  -9.7672108e+01   2.9627912e+01
  -9.8679798e+01   2.8740106e+01
  -9.9845531e+01   3.1850514e+01
  -9.8645353e+01   3.6554336e+01
  -9.6302065e+01   3.5824006e+01
  -9.8955126e+01   2.9150192e+01
  -9.8899637e+01   2.9705420e+01
  -1.0020269e+02   3.5452855e+01
  -1.0040120e+02   3.5450268e+01
  -9.6279727e+01   3.4877339e+01
  -9.9662501e+01   2.8214663e+01
  -1.0209283e+02   3.3185888e+01
  -9.6707704e+01   3.1547439e+01
  -9.7728162e+01   3.6560321e+01
  -9.4974632e+01   3.8137553e+01
  -9.6132629e+01   3.1897874e+01
  -9.6089068e+01   3.7075552e+01
  -9.9471783e+01   3.6290299e+01
  -9.8958486e+01   3.2982097e+01
  -9.6577647e+01   3.7840055e+01
  -1.0176689e+02   3.8161778e+01
  -9.4394782e+01   3.0327328e+01
  -9.5542748e+01   3.5445633e+01
  -1.0041486e+02   3.1457561e+01
  -1.0104453e+02   3.4799391e+01
  -1.0007816e+02   2.8478317e+01
  -9.7126479e+01   3.0897605e+01
  -9.9632875e+01   3.6905242e+01
  -9.8613594e+01   3.7834723e+01
  -9.5866238e+01   3.1333049e+01
  -9.7023557e+01   2.9515334e+01
  -9.9305727e+01   2.8354608e+01
  -9.9947367e+01   3.1171332e+01
  -9.4410015e+01   3.1496152e+01
  -9.8728959e+01   3.5936369e+01
  -9.5613537e+01   3.1593098e+01
  -1.0265102e+02   3.3367320e+01
  -9.8613267e+01   3.8011249e+01
  -1.0321392e+02   2.9446027e+01
  -1.0150189e+02   3.3042684e+01
  -9.9576022e+01   3.5270877e+01
  -1.0095210e+02   2.9832921e+01
  -9.8993366e+01   3.2796563e+01
  -9.7838639e+01   3.7164081e+01
  -1.0263496e+02   3.3182227e+01
  -1.0078158e+02   3.0173320e+01
  -9.9756588e+01   3.5033123e+01
  -9.7230920e+01   3.8269832e+01
  -9.5608267e+01   3.3741083e+01
  -9.5150052e+01   3.6882031e+01
  -9.6500666e+01   3.5870188e+01
  -9.9266690e+01   2.7815534e+01
  -1.0400007e+02   2.9592757e+01
  -9.6260214e+01   3.1174543e+01
  -9.8118914e+01   3.2070803e+01
  -9.6068843e+01   3.8642219e+01
  -9.9227195e+01   3.7479659e+01
  -9.9690903e+01   3.9873038e+01
  -1.0004729e+02   3.2871711e+01
  -1.0071051e+02   3.7264181e+01
  -1.0338333e+02   2.9636200e+01
  -1.0247253e+02   3.0324751e+01
  -9.8566564e+01   2.6742538e+01
  -9.9937949e+01   3.4517757e+01
  -9.7971305e+01   2.8836628e+01
  -9.6585420e+01   3.9330317e+01
  -9.6085322e+01   3.3965280e+01
  -1.0076686e+02   3.4875826e+01
  -1.0263711e+02   3.0540987e+01
  -9.6470188e+01   3.8058026e+01
  -9.6862543e+01   3.8440587e+01
  -9.9719647e+01   3.2142455e+01
  -1.0125439e+02   3.4504610e+01
  -1.0081335e+02   3.9519522e+01
  -9.6708233e+01   2.9930758e+01
  -1.0211591e+02   3.4861927e+01
  -1.0039119e+02   2.9068504e+01
  -1.0114749e+02   3.2782618e+01
  -1.0479839e+02   3.0506283e+01
  -1.0281050e+02   3.3895331e+01
  -9.8820114e+01   3.4831612e+01
  -1.0075806e+02   3.7676618e+01
  -9.5552489e+01   3.7169294e+01
  -9.7013768e+01   3.0236025e+01
  -9.7520917e+01   3.2193471e+01
  -9.5208049e+01   3.0512944e+01
  -9.8610580e+01   3.6199677e+01
  -9.6887861e+01   3.1331914e+01
  -1.0129182e+02   3.5024158e+01
  -1.0056884e+02   3.7569111e+01
  -9.7358600e+01   3.0338445e+01
  -9.9006358e+01   2.8730032e+01
  -9.9752531e+01   3.9194558e+01
  -9.8256313e+01   3.7868612e+01
  -9.8360728e+01   2.8953494e+01
  -9.4438247e+01   3.1857185e+01
  -9.5170684e+01   3.8039395e+01
  -1.0458301e+02   3.0955370e+01
  -1.0265833e+02   3.5805111e+01
  -1.0171785e+02   2.9860067e+01
  -1.0135383e+02   3.5550907e+01
  -9.9760033e+01   3.7490367e+01
  -9.5809260e+01   3.2027531e+01
  -9.4665925e+01   3.1106359e+01
  -9.7440111e+01   3.7825371e+01
  -9.4845581e+01   3.8301119e+01
  -9.8296771e+01   2.6458108e+01
  -1.0020890e+02   3.3597832e+01
  -1.0084091e+02   3.5396890e+01
  -1.0572949e+02   3.1310911e+01
  -9.8249936e+01   2.7484310e+01
  -1.0162815e+02   3.5238893e+01
  -9.9120504e+01   2.6589199e+01
  -1.0218860e+02   3.6668798e+01
  -9.6482152e+01   3.1453800e+01
  -9.6735056e+01   2.9107852e+01
  -9.8755136e+01   2.6840092e+01
  -9.9022581e+01   3.9036375e+01
  -9.4726047e+01   3.9129851e+01
  -1.0118744e+02   3.7525027e+01
  -9.5628830e+01   3.3095576e+01
  -1.0290033e+02   3.4409337e+01
  -1.0352826e+02   3.1445093e+01
  -1.0176041e+02   3.1767573e+01
  -9.5372394e+01   3.3993079e+01
  -9.5074913e+01   3.2312684e+01
  -9.7504004e+01   2.6537168e+01
  -9.9333529e+01   3.5078944e+01
  -1.0014641e+02   3.8302853e+01
  -1.0070754e+02   3.7388442e+01
  -9.6860884e+01   3.8652053e+01
  -9.8420860e+01   3.6509587e+01
  -1.0223465e+02   3.1458185e+01
  -1.0126579e+02   3.8835386e+01
  -1.0139707e+02   3.3638917e+01
  -9.9560933e+01   2.9465465e+01
  -9.6737498e+01   3.2081497e+01
  -9.7256211e+01   3.4747510e+01
  -9.9637564e+01   3.8885482e+01
  -1.0120448e+02   3.0149262e+01
  -9.9768992e+01   3.4802792e+01
  -9.8380722e+01   3.4094416e+01
  -9.8575793e+01   3.1158733e+01
  -9.9309911e+01   2.8620883e+01
  -9.7484198e+01   3.1552216e+01
  -9.7736423e+01   3.2651758e+01
  -9.7197561e+01   3.9215998e+01
  -1.0343928e+02   3.0552983e+01
  -9.7748218e+01   3.1799910e+01
  -1.0068636e+02   3.9748269e+01
  -9.9488710e+01   3.0276852e+01
  -9.9934530e+01   3.7114706e+01
  -1.0404353e+02   2.9909852e+01
  -9.6187212e+01   2.8893388e+01
  -9.9857555e+01   3.0437030e+01
  -9.5147260e+01   3.1806214e+01
  -9.9167027e+01   2.9726316e+01
  -9.9168262e+01   3.7745804e+01
  -9.8703137e+01   2.7241702e+01
  -9.5331228e+01   3.1017090e+01
  -1.0079983e+02   3.3623435e+01
  -9.4174939e+01   3.0329017e+01
  -1.0009131e+02   3.9003795e+01
  -9.7885758e+01   3.0819396e+01
  -9.9024559e+01   3.4541764e+01
  -1.0177986e+02   3.9646749e+01
  -1.0312939e+02   3.1596761e+01
  -9.7599463e+01   3.8795291e+01
  -1.0169080e+02   3.0616182e+01
  -9.4560810e+01   2.9953604e+01
  -9.9626440e+01   2.7969962e+01
  -9.4643450e+01   3.4965100e+01
  -9.9567554e+01   2.9961356e+01
  -9.6740443e+01   3.1900185e+01
  -1.0163983e+02   3.4108365e+01
  -9.5182237e+01   3.5727526e+01
  -9.5475273e+01   3.4596608e+01
  -9.9385500e+01   3.0048400e+01
  -9.7313255e+01   3.5942893e+01
  -9.5258825e+01   3.8221444e+01
  -1.0276164e+02   3.1958705e+01
  -9.4562565e+01   3.3338826e+01
  -9.4741317e+01   3.3086865e+01
  -9.8753033e+01   3.3620977e+01
  -9.9397223e+01   3.9380512e+01
  -9.9706074e+01   3.1947266e+01
  -9.6171088e+01   3.9348182e+01
  -1.0203643e+02   3.3478167e+01
  -9.8338427e+01   3.2708371e+01
  -9.6091262e+01   2.9273097e+01
  -9.5788329e+01   3.6321147e+01
  -1.0080216e+02   3.8760368e+01
  -9.4303978e+01   3.2128753e+01
  -1.0434693e+02   2.9755302e+01
  -9.5081052e+01   3.9657767e+01
  -9.6397214e+01   3.5491212e+01
  -9.7128910e+01   2.7955757e+01
  -1.0051274e+02   3.8088330e+01
  -9.8672292e+01   3.0368861e+01
  -9.6509668e+01   3.5372036e+01
  -1.0077374e+02   3.4314396e+01
  -1.0192229e+02   3.8176598e+01
  -1.0269149e+02   3.1491955e+01
  -1.0365052e+02   3.0292691e+01
  -9.7595451e+01   3.1072364e+01
  -9.8755504e+01   3.8263615e+01
  -9.8969045e+01   3.1325898e+01
  -1.0018533e+02   2.8778642e+01
  -9.3859464e+01   3.0539386e+01
  -1.0037369e+02   3.5767406e+01
  -9.8130759e+01   3.6801917e+01
  -1.0401124e+02   3.0427158e+01
  -9.4866125e+01   3.3889368e+01
  -1.0023719e+02   2.8963899e+01
  -9.5927576e+01   3.6096234e+01
  -1.0009792e+02   3.4920411e+01
  -9.9196772e+01   3.2653390e+01
  -1.0088215e+02   3.4509994e+01
  -1.0135593e+02   3.8599775e+01
  -1.0170751e+02   3.1084640e+01
  -9.9371054e+01   2.7600968e+01
  -1.0063549e+02   3.5073709e+01
  -9.8137890e+01   3.5408068e+01
  -9.8196574e+01   2.9349595e+01
  -1.0176617e+02   3.6699737e+01
  -9.8992085e+01   3.1192477e+01
  -9.6267047e+01   3.8450276e+01
  -9.8834720e+01   3.3810164e+01
  -1.0165865e+02   3.2696927e+01
  -1.0070857e+02   3.7135671e+01
  -9.8066183e+01   2.7584417e+01
  -9.5738716e+01   3.4906193e+01
  -1.0054727e+02   3.0901310e+01
  -9.9189314e+01   3.0981859e+01
  -9.5647670e+01   2.9374276e+01
  -1.0055272e+02   3.2968085e+01
  -9.6877205e+01   3.6201796e+01
  -9.9684236e+01   3.8732018e+01
  -1.0214798e+02   3.5801517e+01
  -1.0300082e+02   3.4080499e+01
  -9.6222510e+01   3.9554919e+01
  -9.8177256e+01   3.0269944e+01
  -9.5156320e+01   3.6609897e+01
  -1.0116007e+02   3.6105049e+01
  -9.6062703e+01   2.9900803e+01
  -1.0243164e+02   3.2681704e+01
  -9.4961378e+01   3.4388111e+01
  -9.3864610e+01   3.0151434e+01
  -9.9110079e+01   3.2075114e+01
  -1.0034584e+02   2.9721525e+01
  -1.0011046e+02   3.6619301e+01
  -9.5811241e+01   3.5842012e+01
  -9.8717549e+01   3.8069298e+01
  -9.7384954e+01   3.3442551e+01
  -1.0095843e+02   3.5857884e+01
  -9.9319258e+01   2.6997432e+01
  -1.0494574e+02   3.1173356e+01
  -1.0128362e+02   3.8491481e+01
  -9.9426298e+01   3.9854173e+01
  -9.7131179e+01   3.5531700e+01
  -9.5520446e+01   3.9880378e+01
  -9.7554275e+01   3.7989037e+01
  -9.7873075e+01   3.2123717e+01
  -9.5630504e+01   3.7848352e+01
  -9.6393694e+01   3.3685321e+01
  -1.0422037e+02   3.0241626e+01
  -1.0091840e+02   3.0592615e+01
  -1.0090951e+02   2.9507483e+01
  -1.0086059e+02   3.6797923e+01
  -9.7209928e+01   3.6468875e+01
  -9.4930294e+01   3.6507434e+01
  -9.7475233e+01   3.2549612e+01
  -9.6921478e+01   3.0103875e+01
  -9.6351868e+01   3.7351900e+01
  -9.7694476e+01   3.1489059e+01
  -9.6440432e+01   3.4110610e+01
  -9.8961906e+01   3.3595303e+01
  -9.6423190e+01   3.1807065e+01
  -1.0030352e+02   3.1037152e+01
  -9.8962591e+01   3.7145757e+01
  -9.4196138e+01   3.2247053e+01
  -9.7055592e+01   2.9670507e+01
  -1.0275063e+02   3.6962134e+01
  -9.5958257e+01   3.9033176e+01
  -9.5547554e+01   3.6680079e+01
  -9.4684858e+01   3.0195197e+01
  -9.6914738e+01   3.7677041e+01
  -9.7582199e+01   3.3844296e+01
  -9.8703556e+01   3.5341662e+01
  -1.0067566e+02   2.9241085e+01
  -1.0250265e+02   3.5252462e+01
  -9.4036298e+01   3.0773764e+01
  -9.8737239e+01   3.0228873e+01
  -1.0196658e+02   3.8585103e+01
  -9.5493767e+01   3.8230693e+01
  -1.0358083e+02   3.0004015e+01
  -9.6942450e+01   3.4879666e+01
  -1.0146746e+02   3.8572637e+01
  -1.0158236e+02   3.1203739e+01
  -9.7788492e+01   2.8453197e+01
  -9.8517157e+01   3.2274140e+01
  -1.0533800e+02   3.0915719e+01
  -1.0001265e+02   2.9645001e+01
  -1.0130819e+02   3.6736938e+01
  -9.5033855e+01   3.9337269e+01
  -1.0061498e+02   3.1487340e+01
  -9.4063981e+01   3.0887763e+01
  -9.5862851e+01   2.9808517e+01
  -1.0045790e+02   3.0785487e+01
  -9.6119298e+01   3.5701077e+01
  -9.6411148e+01   3.7138794e+01
  -9.9669928e+01   3.2739336e+01
  -9.7625411e+01   3.7466054e+01
  -9.4799204e+01   3.2888320e+01
  -1.0507672e+02   3.1486285e+01
  -9.5943875e+01   3.1009706e+01
  -9.4387471e+01   3.0677997e+01
  -1.0162132e+02   3.6340601e+01
  -9.7702785e+01   2.7301631e+01
  -9.9756723e+01   3.2364954e+01
  -1.0087502e+02   3.9297632e+01
  -1.0230694e+02   3.4939861e+01
  -1.0434533e+02   3.1543461e+01
  -9.9812454e+01   2.9063624e+01
  -9.9643342e+01   3.1398451e+01
  -9.8071742e+01   2.6108568e+01
  -9.8795823e+01   2.6426484e+01
  -1.0227303e+02   3.2302305e+01
  -9.5101775e+01   3.5895733e+01
  -9.9081503e+01   3.3124365e+01
  -1.0169857e+02   3.2102274e+01
  -1.0033859e+02   3.4481877e+01
  -9.8287717e+01   3.4302983e+01
  -1.0085907e+02   3.2002924e+01
  -9.6180718e+01   3.7275169e+01
  -9.4804792e+01   3.0968708e+01
  -9.5154104e+01   3.4965574e+01
  -1.0186544e+02   3.5322704e+01
  -9.7299885e+01   2.6329866e+01
  -1.0069477e+02   2.9590115e+01
  -9.7219384e+01   3.2803024e+01
  -9.5832358e+01   3.2879780e+01
  -9.6607970e+01   3.7382911e+01
  -9.7336788e+01   3.3623216e+01
  -9.7161375e+01   3.3073697e+01
  -9.8779986e+01   3.4210363e+01
  -9.5357365e+01   3.2474331e+01
  -9.8114687e+01   3.4055613e+01
  -1.0092496e+02   3.7782472e+01
  -9.8152046e+01   2.9762095e+01
  -1.0448668e+02   3.0047918e+01
  -9.7586368e+01   3.8295804e+01
  -9.7166470e+01   3.1526183e+01
  -9.8166597e+01   2.8087928e+01
  -1.0288153e+02   3.0296842e+01
  -9.5321617e+01   3.8080474e+01
  -9.9907722e+01   2.8587211e+01
  -9.7420627e+01   3.0461486e+01
  -9.8083279e+01   2.7949821e+01
  -9.7716564e+01   3.0884508e+01
  -9.5579674e+01   3.7425114e+01
  -1.0141243e+02   3.2231823e+01
  -1.0135561e+02   3.5301486e+01
  -9.8992808e+01   3.8730861e+01
  -9.5059492e+01   3.0503420e+01
  -9.4733590e+01   3.4329969e+01
  -1.0487750e+02   3.1427174e+01
  -9.4880119e+01   3.7607263e+01
  -9.4773855e+01   3.3461337e+01
  -9.9008450e+01   3.3412069e+01
  -1.0225690e+02   3.1634774e+01
  -9.6097491e+01   3.0675052e+01
  -9.7327286e+01   3.1408365e+01
  -9.7003789e+01   3.2504674e+01
  -9.5245611e+01   3.8524132e+01
  -9.6433033e+01   3.2299004e+01
  -9.9366179e+01   3.8366375e+01
  -1.0382651e+02   3.1758989e+01
  -9.5956941e+01   2.9954152e+01
  -1.0467473e+02   3.1104690e+01
  -1.0145328e+02   3.4478561e+01
  -1.0138300e+02   3.7953370e+01
  -1.0168553e+02   3.4798335e+01
  -9.9425804e+01   2.9605263e+01
  -9.8018322e+01   2.9409914e+01
  -1.0531789e+02   3.1728072e+01
  -9.7542669e+01   3.6741515e+01
  -1.0386373e+02   3.0935840e+01
  -9.8052270e+01   3.5060980e+01
  -9.4763460e+01   3.5846263e+01
  -1.0152672e+02   3.6997885e+01
  -1.0655698e+02   3.1946999e+01
  -9.9657743e+01   3.3567419e+01
  -9.7449147e+01   2.7247479e+01
  -1.0194281e+02   3.8927819e+01
  -1.0146866e+02   3.4199212e+01
  -9.6784158e+01   3.5704892e+01
  -1.0093612e+02   3.9141115e+01
  -9.9223310e+01   3.4760976e+01
  -9.8501719e+01   3.9315941e+01
  -9.5096341e+01   2.9712536e+01
  -9.5020892e+01   3.1517681e+01
  -1.0184669e+02   3.4521524e+01
  -1.0205321e+02   3.2719377e+01
  -9.9767245e+01   3.6696966e+01
  -9.9225499e+01   2.7420856e+01
  -1.0127989e+02   3.3566898e+01
  -9.5549554e+01   3.9060516e+01
  -1.0477177e+02   3.1565492e+01
  -1.0094251e+02   3.2990341e+01
  -1.0147509e+02   3.1827447e+01
  -9.4726697e+01   3.0829445e+01
  -9.4204450e+01   2.9845584e+01
  -9.4494158e+01   3.5206950e+01
  -9.8737614e+01   3.4381760e+01
  -9.8471666e+01   2.7440918e+01
  -9.5896303e+01   3.5039356e+01
  -9.4834245e+01   3.0657587e+01
  -1.0159607e+02   3.3940894e+01
  -1.0198128e+02   3.9119147e+01
  -9.6647148e+01   3.3852276e+01
  -9.9459554e+01   3.4385039e+01
  -9.9616179e+01   3.4220632e+01
  -9.6530491e+01   3.4531035e+01
  -9.8140490e+01   3.8244176e+01
  -9.4958017e+01   3.3014471e+01
  -9.4607444e+01   3.4766658e+01
  -1.0438067e+02   3.0703814e+01
  -9.7661473e+01   2.7577280e+01
  -1.0344921e+02   3.0269325e+01
  -9.7615401e+01   3.0325884e+01
  -9.8742716e+01   2.6666078e+01
  -1.0019268e+02   3.3983522e+01
  -9.5994934e+01   3.9877836e+01
  -9.7912844e+01   2.6897977e+01
  -1.0167678e+02   3.5879553e+01
  -1.0043582e+02   3.8496309e+01
  -1.0070226e+02   3.8943448e+01
  -1.0042477e+02   3.7632855e+01
  -9.8378419e+01   3.1077509e+01
  -9.8847271e+01   2.8674759e+01
  -9.9148428e+01   3.3041218e+01
  -9.5625210e+01   3.5226234e+01
  -1.0230492e+02   3.0969308e+01
  -9.4013013e+01   3.1888318e+01
  -9.6487619e+01   3.7652160e+01
  -1.0335356e+02   3.0963212e+01
  -9.7124718e+01   2.9304595e+01
  -9.6404152e+01   3.2850204e+01
  -9.6163715e+01   2.9548975e+01
  -9.8608168e+01   3.3735317e+01
  -9.7432748e+01   3.3941467e+01
  -9.4735848e+01   3.7867064e+01
  -9.5176520e+01   3.7068807e+01
  -9.4894389e+01   3.8084669e+01
  -9.4334134e+01   3.1639744e+01
  -1.0373508e+02   3.1222667e+01
  -9.5539906e+01   3.7554010e+01
  -9.7756431e+01   2.6452868e+01
  -9.5612613e+01   3.1800085e+01
  -9.6527491e+01   3.9597454e+01
  -1.0529853e+02   3.1523365e+01
  -9.5297191e+01   3.6041037e+01
  -9.6458178e+01   3.8401410e+01
  -9.8122549e+01   3.4882405e+01
  -9.7932270e+01   2.7013462e+01
  -9.7806943e+01   2.7545416e+01
  -9.4624492e+01   2.9719914e+01
  -1.0099673e+02   3.0492442e+01
  -9.8608684e+01   3.8419767e+01
  -9.8763688e+01   3.9164260e+01
  -9.7724146e+01   2.7442353e+01
  -1.0372794e+02   2.9336478e+01
  -1.0070154e+02   3.6952766e+01
  -1.0183011e+02   3.1022860e+01
  -1.0189686e+02   3.0015277e+01
  -9.7084273e+01   3.0458351e+01
  -9.4615520e+01   3.1269652e+01
  -9.9482746e+01   3.5763947e+01
  -9.4893245e+01   2.9547142e+01
  -9.9491964e+01   3.8564319e+01
  -1.0583128e+02   3.1733339e+01
  -9.4882184e+01   2.9766209e+01
  -1.0285560e+02   3.1670516e+01
  -1.0483122e+02   3.1930215e+01
  -9.9409483e+01   2.9908501e+01
  -1.0194301e+02   3.7604795e+01
  -9.8254574e+01   3.3509960e+01
  -9.6608008e+01   3.1245893e+01
  -9.5109393e+01   3.8347671e+01
  -9.5416033e+01   3.5180464e+01
  -9.5451489e+01   3.2311902e+01
  -9.6380973e+01   3.0915495e+01
  -1.0116518e+02   3.1538065e+01
  -9.5275405e+01   3.8990632e+01
  -9.7502110e+01   2.6349352e+01
  -9.8012710e+01   2.8368831e+01
  -1.0304401e+02   2.9444093e+01
  -9.7288410e+01   3.1065245e+01
  -9.9619558e+01   3.4895743e+01
  -9.5209808e+01   3.2016185e+01
  -9.7212149e+01   2.9852963e+01
  -9.8861998e+01   2.7249662e+01
  -1.0276973e+02   3.2870547e+01
  -9.6635780e+01   3.9714487e+01
  -9.9519402e+01   3.7887818e+01
  -1.0061230e+02   3.0442904e+01
  -9.8202585e+01   3.8718808e+01
  -9.7532009e+01   3.1282341e+01
  -9.7245472e+01   3.2711587e+01
  -9.7423700e+01   3.2348537e+01
  -1.0224541e+02   3.6126769e+01
  -1.0174274e+02   3.1595229e+01
  -1.0290560e+02   3.5511721e+01
  -9.6044393e+01   3.6275917e+01
  -9.6579282e+01   3.0789896e+01
  -9.6708946e+01   3.2480420e+01
  -9.7093082e+01   3.8577713e+01
  -9.4798124e+01   3.1536643e+01
  -1.0093488e+02   3.3344421e+01
  -9.5740623e+01   3.9747756e+01
  -9.6522123e+01   3.1015594e+01
  -9.9925180e+01   3.6034999e+01
  -9.9209478e+01   3.1195337e+01
  -9.8801423e+01   3.6148938e+01
  -9.8597605e+01   3.7630993e+01
  -9.4557599e+01   3.0388596e+01
  -9.5892347e+01   2.8890418e+01
  -9.8047305e+01   3.8334526e+01
  -1.0152050e+02   3.2433032e+01
  -9.9861574e+01   3.3600370e+01
  -9.8004266e+01   3.0218128e+01
  -9.7972148e+01   2.7153885e+01
  -9.9404071e+01   3.5967627e+01
  -9.7233598e+01   3.0710067e+01
  -9.8286655e+01   3.4609116e+01
  -9.8309384e+01   2.6661445e+01
  -9.7925708e+01   3.6282531e+01
  -1.0202135e+02   3.8380179e+01
  -9.6115795e+01   3.6584188e+01
  -9.4813794e+01   3.2073499e+01
  -9.5121649e+01   3.4451004e+01
  -1.0119969e+02   3.9835414e+01
  -1.0141277e+02   3.4870245e+01
  -9.6868425e+01   3.2170885e+01
  -9.6003533e+01   3.2488301e+01
  -9.8456856e+01   3.9551321e+01
  -9.8039731e+01   3.0770284e+01
  -9.8164242e+01   3.2319205e+01
  -9.8105473e+01   3.1057705e+01
  -9.9487089e+01   2.9088151e+01
  -1.0397290e+02   3.0620135e+01
  -1.0287711e+02   3.4590340e+01
  -9.6182427e+01   3.1715783e+01
  -9.7074123e+01   3.8197146e+01
  -9.6348748e+01   3.9293995e+01
  -9.6263019e+01   3.2096744e+01
  -1.0201977e+02   3.6441494e+01
  -9.7721628e+01   2.6307792e+01
  -1.0170095e+02   3.0458172e+01
  -1.0113424e+02   3.8385876e+01
  -9.6492313e+01   3.6851360e+01
  -9.7183500e+01   3.4954902e+01
  -9.5122981e+01   3.0353343e+01
  -1.0427992e+02   3.1059403e+01
  -9.7526903e+01   2.7518699e+01
  -1.0096765e+02   3.5066845e+01
  -9.5927849e+01   3.9174978e+01
  -9.8181452e+01   3.2776968e+01
  -9.7669664e+01   3.4448188e+01
  -9.8297933e+01   3.5146177e+01
  -1.0359915e+02   3.1067955e+01
  -9.9442472e+01   3.5532360e+01
  -9.5978038e+01   3.9477740e+01
  -9.7193199e+01   3.9795712e+01
  -1.0233857e+02   3.0451822e+01
  -9.5269112e+01   2.9960198e+01
  -9.4294781e+01   3.1347162e+01
  -1.0259116e+02   3.6673149e+01
  -9.4844899e+01   3.7002882e+01
  -9.6621726e+01   3.5003222e+01
  -1.0079425e+02   2.9366272e+01
  -9.9803799e+01   3.1435144e+01
  -9.5091220e+01   3.5346728e+01
  -1.0237619e+02   3.2059382e+01
  -1.0312604e+02   2.9911785e+01
  -9.5418632e+01   3.3338246e+01
  -1.0192015e+02   3.7804827e+01
  -9.7121146e+01   2.8190420e+01
  -1.0118123e+02   3.7336966e+01
  -9.7668632e+01   3.3660351e+01
  -9.4889557e+01   3.0466489e+01
  -9.4359976e+01   3.1130631e+01
  -1.0246375e+02   3.0986007e+01
  -9.7526977e+01   3.0182148e+01
  -1.0402248e+02   3.1366038e+01
  -9.5670582e+01   3.3362398e+01
  -1.0041257e+02   3.0385541e+01
  -1.0048372e+02   3.0007051e+01
  -9.7661751e+01   3.3022694e+01
  -1.0248627e+02   3.5069109e+01
  -9.4732015e+01   3.8869581e+01
  -9.5393505e+01   3.1465427e+01
  -9.7193541e+01   2.8939250e+01
  -1.0038754e+02   3.4107662e+01
  -9.9079615e+01   2.9583367e+01
  -9.7382766e+01   3.7022994e+01
  -9.7527913e+01   3.0983390e+01
  -1.0143943e+02   3.0808217e+01
  -9.9131311e+01   3.8005107e+01
  -9.9657262e+01   3.7163645e+01
  -9.8286990e+01   3.2490666e+01
  -1.0013365e+02   2.8245223e+01
  -9.8809080e+01   3.9640598e+01
  -1.0329145e+02   3.0803884e+01
  -9.8698811e+01   2.7941633e+01
  -1.0040826e+02   3.3573970e+01
  -9.6601508e+01   3.4191193e+01
  -1.0002222e+02   3.1804562e+01
  -9.7923982e+01   3.1795356e+01
  -1.0243033e+02   3.4768754e+01
  -9.8132593e+01   2.8302026e+01
  -9.5522115e+01   3.1110009e+01
  -1.0059194e+02   3.1916912e+01
  -9.5031306e+01   3.6150291e+01
  -9.8857101e+01   3.3362821e+01
  -9.8808447e+01   3.8744130e+01
  -1.0235130e+02   3.5986643e+01
  -9.9482972e+01   3.4834221e+01
  -1.0322483e+02   2.9196214e+01
  -1.0266549e+02   2.9798653e+01
  -9.5389484e+01   3.6666247e+01
  -9.7773625e+01   3.4296717e+01
  -9.7685198e+01   3.5160811e+01
  -9.8885899e+01   3.5152535e+01
  -9.5791001e+01   3.8649990e+01
  -9.5051882e+01   3.8613396e+01
  -9.4905682e+01   3.1156433e+01
  -1.0402156e+02   2.9370636e+01
  -1.0194251e+02   3.1405737e+01
  -9.7832967e+01   3.8863063e+01
  -9.7144883e+01   3.6932864e+01
  -9.6750090e+01   2.8525728e+01
  -1.0545156e+02   3.1886326e+01
  -9.5852859e+01   3.0607325e+01
  -9.9638204e+01   3.3395631e+01
  -9.6672127e+01   3.9465968e+01
  -9.7624747e+01   3.8576797e+01
  -1.0051441e+02   3.4262927e+01
  -9.6064807e+01   3.3528400e+01
  -9.4796917e+01   3.0529773e+01
  -9.8414759e+01   2.7083225e+01
  -9.6889741e+01   2.9185731e+01
  -1.0145734e+02   3.1587055e+01
  -9.4606624e+01   3.0632453e+01
  -9.9361910e+01   3.7342204e+01
  -9.5527628e+01   3.5748598e+01
  -9.8271191e+01   3.5601684e+01
  -1.0388884e+02   3.1922896e+01
  -1.0363277e+02   3.1643438e+01
  -9.8443563e+01   3.8845306e+01
  -9.8269044e+01   2.7714946e+01
  -9.9434443e+01   3.2536888e+01
  -9.8134513e+01   2.8532317e+01
  -9.7901243e+01   2.9487754e+01
  -9.7501952e+01   2.9494669e+01
  -1.0096698e+02   3.9548194e+01
  -9.8474461e+01   3.8641036e+01
  -1.0344395e+02   2.9890979e+01
  -9.9607933e+01   2.8390754e+01
  -9.6931634e+01   3.7066954e+01
  -1.0163789e+02   3.1379170e+01
  -9.6132597e+01   3.0886930e+01
  -9.8069624e+01   3.4346805e+01
  -9.7559663e+01   3.4697709e+01
  -9.9439494e+01   3.8147209e+01
  -9.9147310e+01   3.4028752e+01
  -1.0033386e+02   3.8952008e+01
  -9.5129446e+01   3.7660158e+01
  -9.6123389e+01   3.2900856e+01
  -9.5327322e+01   2.9532971e+01
  -9.8874331e+01   3.4057147e+01
  -1.0302247e+02   3.3750067e+01
  -9.7412699e+01   3.9219510e+01
  -1.0296608e+02   3.0545203e+01
  -9.4718988e+01   3.6775939e+01
  -9.6116400e+01   3.2228019e+01
  -1.0066273e+02   3.3698313e+01
  -9.8044033e+01   2.7297690e+01
  -9.8088672e+01   2.9949273e+01
  -9.6829992e+01   3.7841688e+01
  -9.7821001e+01   2.9028944e+01
  -1.0141087e+02   3.9156556e+01
  -9.5643288e+01   3.2455269e+01
  -1.0041372e+02   3.6830840e+01
  -9.4812716e+01   3.7380842e+01
  -9.9034647e+01   2.7050146e+01
  -9.4782779e+01   3.1349777e+01
  -1.0231697e+02   3.2825342e+01
  -9.9707853e+01   3.0635681e+01
  -9.5464671e+01   3.7205106e+01
  -9.8990785e+01   3.5664838e+01
  -9.5477814e+01   3.1641623e+01
  -9.8541472e+01   2.9450448e+01
  -9.6017813e+01   3.8089462e+01
  -9.9188517e+01   3.6416514e+01
  -9.8159490e+01   3.6973269e+01
  -9.9943164e+01   3.9180016e+01
  -9.8161707e+01   3.9668929e+01
  -9.7887216e+01   3.3740449e+01
  -9.9682354e+01   3.0901461e+01
  -1.0174892e+02   3.7740650e+01
  -9.7557322e+01   3.1983854e+01
  -9.9278943e+01   2.9782349e+01
  -9.7908525e+01   3.5886793e+01
  -9.7955296e+01   3.6934309e+01
  -1.0283245e+02   3.0119538e+01
  -9.6382733e+01   3.3929006e+01
  -1.0177419e+02   3.8915868e+01
  -9.6711636e+01   2.8667498e+01
  -1.0075034e+02   3.3135581e+01
  -1.0202765e+02   3.1769299e+01
  -9.5853882e+01   3.5275947e+01
  -9.8034032e+01   3.8075366e+01
  -9.9281306e+01   2.9364367e+01
  -9.5691947e+01   3.8793455e+01
  -9.7070087e+01   3.7810202e+01
  -9.8797958e+01   2.8260112e+01
  -9.7878346e+01   3.6767235e+01
  -9.5589200e+01   3.2025180e+01
  -9.5756750e+01   3.6792268e+01
  -9.6370911e+01   3.6561143e+01
  -9.7054925e+01   3.6676077e+01
  -9.5013532e+01   3.8895105e+01
  -9.6627730e+01   3.0412524e+01
  -9.9415749e+01   3.3099145e+01
  -9.9538444e+01   3.4700817e+01
  -9.7347954e+01   3.0918277e+01
  -1.0050614e+02   2.9760021e+01
  -9.8199284e+01   3.3125110e+01
  -1.0016349e+02   3.1105155e+01
  -9.6497302e+01   3.0632424e+01
  -9.4769989e+01   3.7693479e+01
  -1.0126762e+02   3.2409925e+01
  -9.5564632e+01   2.9792360e+01
  -9.8287629e+01   2.8836595e+01
  -9.9439210e+01   3.2873163e+01
  -9.5273395e+01   3.8754969e+01
  -1.0015262e+02   3.2098924e+01
  -1.0087762e+02   3.0410340e+01
  -9.7738965e+01   3.4845877e+01
  -9.7063039e+01   3.8357577e+01
  -1.0161328e+02   3.0144711e+01
  -1.0139348e+02   3.8107761e+01
  -9.5902791e+01   3.8264448e+01
  -9.7169739e+01   3.7159318e+01
  -1.0001766e+02   3.3730800e+01
  -1.0044816e+02   3.8902149e+01
  -9.9001530e+01   3.0452048e+01
  -9.6591182e+01   3.4400647e+01
  -9.6168952e+01   3.5536148e+01
  -1.0030126e+02   3.7500186e+01
  -1.0070731e+02   2.9790389e+01
  -9.4864686e+01   3.6350559e+01
  -9.6120287e+01   2.9029788e+01
  -1.0130047e+02   3.5966574e+01
  -9.4786658e+01   3.7534051e+01
  -9.8736808e+01   3.2249625e+01
  -1.0010769e+02   3.1360928e+01
  -9.7779388e+01   3.8321488e+01
  -9.6047767e+01   3.4619087e+01
  -1.0275084e+02   3.4383846e+01
  -1.0073439e+02   3.1712229e+01
  -9.5402857e+01   3.0272483e+01
  -1.0181669e+02   3.9899842e+01
  -9.7963718e+01   2.9920195e+01
  -9.8452745e+01   3.4412327e+01
  -1.0196292e+02   3.2315550e+01
  -1.0153378e+02   3.1059735e+01
  -9.4673909e+01   3.8151054e+01
  -9.9196502e+01   3.9432289e+01
  -1.0169944e+02   3.7517342e+01
  -9.7419813e+01   2.8529126e+01
  -1.0272352e+02   3.5947146e+01
  -9.8859246e+01   3.6410678e+01
  -9.5459776e+01   3.9579427e+01
  -9.7316023e+01   3.1657503e+01
  -9.7541266e+01   3.3472139e+01
  -1.0318908e+02   3.1892740e+01
  -9.6287384e+01   3.5182618e+01
  -9.7023222e+01   3.5297136e+01
  -1.0179442e+02   3.5652643e+01
  -9.7176550e+01   3.0530215e+01
  -9.8110566e+01   3.6359974e+01
  -1.0298666e+02   3.6410053e+01
  -9.9656961e+01   3.6366436e+01
  -9.5371098e+01   3.6386643e+01
  -9.9325366e+01   3.0711682e+01
  -1.0198127e+02   3.6699055e+01
  -9.8778246e+01   3.1391102e+01
  -9.5401876e+01   3.6866660e+01
  -1.0144409e+02   3.2915422e+01
  -1.0135852e+02   3.8908451e+01
  -9.6205282e+01   3.3782362e+01
  -1.0334629e+02   3.1897187e+01
  -9.7354762e+01   2.9496617e+01
  -9.8995389e+01   3.6220511e+01
  -9.6240177e+01   3.7940851e+01
  -9.4113334e+01   3.1245378e+01
  -9.7350991e+01   2.5935902e+01
  -9.5015009e+01   3.9822312e+01
  -9.9390701e+01   3.1170134e+01
  -9.6325677e+01   3.3111055e+01
  -9.8570275e+01   3.1382060e+01
  -9.8356030e+01   3.3421933e+01
  -1.0081002e+02   3.7326312e+01
  -9.5709960e+01   3.4755042e+01
  -1.0002369e+02   3.8562056e+01
  -1.0067183e+02   3.6195669e+01
  -1.0447340e+02   3.1195899e+01
  -9.7898745e+01   3.0089902e+01
  -9.5461089e+01   3.6963720e+01
  -1.0478123e+02   3.0788020e+01
  -9.7148169e+01   2.8818615e+01
  -9.8008423e+01   2.8609321e+01
  -9.3895456e+01   3.1651255e+01
  -9.9484223e+01   3.0809125e+01
  -9.8429018e+01   3.8436772e+01
  -1.0091133e+02   3.6321506e+01
  -1.0077041e+02   3.2983738e+01
  -9.7833680e+01   3.8591144e+01
  -9.9830540e+01   3.1270364e+01
  -1.0516818e+02   3.0923502e+01
  -9.8659943e+01   3.4883987e+01
  -1.0100891e+02   3.1531872e+01
  -9.7720875e+01   3.9118605e+01
  -9.9197756e+01   2.9230491e+01
  -9.7630163e+01   3.9621502e+01
  -9.6698362e+01   3.3651382e+01
  -9.6245158e+01   3.8171692e+01
  -9.6815170e+01   3.0014875e+01
  -9.9476833e+01   3.9220745e+01
  -9.9897312e+01   3.5179908e+01
  -9.7172719e+01   3.1918205e+01
  -9.7090693e+01   3.7445386e+01
  -9.8851101e+01   3.7469122e+01
  -9.9589044e+01   3.7293181e+01
  -1.0055767e+02   2.8938859e+01
  -1.0040853e+02   3.7414465e+01
  -9.8052888e+01   3.4575883e+01
  -9.7061189e+01   2.9955449e+01
  -9.6831151e+01   3.6731666e+01
  -1.0098226e+02   3.6157634e+01
  -1.0253018e+02   3.3659537e+01
  -9.5764980e+01   3.0218778e+01
  -9.4515298e+01   3.1706713e+01
  -1.0055295e+02   3.7242420e+01
  -9.6257184e+01   3.2674024e+01
  -9.8805366e+01   3.1198497e+01
  -9.4163953e+01   3.3278641e+01
  -1.0291396e+02   3.1253195e+01
  -9.6168922e+01   3.3154503e+01
  -1.0090613e+02   3.2422576e+01
  -9.9183011e+01   3.6830290e+01
  -1.0044250e+02   2.8776272e+01
  -1.0059856e+02   3.7922413e+01
  -9.8529986e+01   3.7046220e+01
  -9.9650520e+01   2.7783443e+01
  -9.8718670e+01   3.9354875e+01
  -1.0144403e+02   3.2662293e+01
  -9.5495705e+01   2.9333964e+01
  -9.9491623e+01   3.4059760e+01
  -1.0166887e+02   3.4574081e+01
  -9.7886456e+01   2.8196605e+01
  -9.5179796e+01   2.9451129e+01
  -1.0378206e+02   2.9635455e+01
  -9.3677243e+01   3.1144834e+01
  -9.7714193e+01   2.9345794e+01
  -9.5003825e+01   3.0029019e+01
  -9.7843243e+01   2.7215968e+01
  -9.6685684e+01   2.8883843e+01
  -9.8065374e+01   3.9465347e+01
  -9.7960610e+01   3.2239654e+01
  -9.7023215e+01   3.2311092e+01
  -9.4874484e+01   2.9288987e+01
  -1.0020439e+02   3.3398694e+01
  -1.0128938e+02   3.3843993e+01
  -9.8686862e+01   2.9868690e+01
  -9.9558567e+01   3.2141382e+01
  -9.8573134e+01   2.8116998e+01
  -9.5209429e+01   3.6232960e+01
  -9.5757146e+01   3.6070938e+01
  -1.0245139e+02   3.3755327e+01
  -9.5520195e+01   3.3469463e+01
  -1.0022447e+02   3.3016034e+01
  -1.0184283e+02   3.9093791e+01
  -9.8897987e+01   3.7714973e+01
  -9.5493227e+01   3.7890314e+01
  -9.7254808e+01   3.0322536e+01
  -9.8563191e+01   2.9982884e+01
  -9.9233160e+01   3.8183732e+01
  -9.7814341e+01   3.7500169e+01
  -9.7658702e+01   2.7144722e+01
  -9.8546744e+01   3.4596232e+01
  -9.5478502e+01   3.5006661e+01
  -1.0049237e+02   3.8674236e+01
  -9.6814383e+01   3.9642943e+01
  -9.8374666e+01   3.1685531e+01
  -9.9737369e+01   2.9258680e+01
  -9.8634647e+01   2.6299707e+01
  -9.5284273e+01   3.1656685e+01
  -1.0236177e+02   3.3919140e+01
  -9.7935375e+01   3.0359507e+01
  -9.8136878e+01   2.7349505e+01
  -9.6776108e+01   2.8965940e+01
  -9.7764524e+01   2.6785397e+01
  -9.5410871e+01   2.9761841e+01
  -1.0192057e+02   3.2141757e+01
  -9.5554516e+01   3.8557562e+01
  -1.0004147e+02   3.7736144e+01
  -1.0021706e+02   2.8323443e+01
  -1.0255876e+02   3.2246294e+01
  -9.8309265e+01   3.8161168e+01
  -1.0024326e+02   2.8462414e+01
  -9.6994055e+01   3.3515878e+01
  -1.0182535e+02   3.3291537e+01
  -1.0110541e+02   3.5260642e+01
  -1.0011230e+02   3.0858267e+01
  -1.0076050e+02   3.9962816e+01
  -9.4657965e+01   2.9542367e+01
  -9.5660985e+01   3.2197714e+01
  -1.0299172e+02   3.4225636e+01
